Wavelength [m],Power [dBm]
1.47e-06,-62.2331086
1.47004e-06,-61.6676384
1.47008e-06,-61.8235864
1.47012e-06,-62.1409195
1.47016e-06,-62.1108073
1.4702e-06,-62.0945419
1.47024e-06,-62.0187354
1.47028e-06,-61.9399074
1.47032e-06,-61.7866257
1.47036e-06,-62.2991781
1.4704e-06,-62.3005267
1.47044e-06,-62.0661382
1.47048e-06,-62.1612139
1.47052e-06,-62.4244754
1.47056e-06,-62.1950526
1.4706e-06,-61.9302577
1.47064e-06,-61.9738551
1.47068e-06,-62.1253901
1.47072e-06,-62.0269786
1.47076e-06,-61.8716026
1.4708e-06,-61.8515315
1.47084e-06,-61.5614257
1.47088e-06,-61.8936605
1.47092e-06,-61.919507
1.47096e-06,-61.7887438
1.471e-06,-61.9776045
1.47104e-06,-61.8180473
1.47108e-06,-62.0074035
1.47112e-06,-62.4126583
1.47116e-06,-62.213258
1.4712e-06,-62.3030634
1.47124e-06,-62.198032
1.47128e-06,-62.4205039
1.47132e-06,-62.4209111
1.47136e-06,-62.0539733
1.4714e-06,-62.1170703
1.47144e-06,-62.3423539
1.47148e-06,-62.5020067
1.47152e-06,-62.4292913
1.47156e-06,-61.9657166
1.4716e-06,-62.1873309
1.47164e-06,-62.3670188
1.47168e-06,-62.1552527
1.47172e-06,-62.3082103
1.47176e-06,-62.2863668
1.4718e-06,-62.2499069
1.47184e-06,-62.1605266
1.47188e-06,-62.2699394
1.47192e-06,-62.4334269
1.47196e-06,-62.4134626
1.472e-06,-62.295485
1.47204e-06,-62.451435
1.47208e-06,-62.5491866
1.47212e-06,-62.7255403
1.47216e-06,-62.8216599
1.4722e-06,-62.7279175
1.47224e-06,-63.0702123
1.47228e-06,-62.89163
1.47232e-06,-63.0959725
1.47236e-06,-62.6214805
1.4724e-06,-62.8075997
1.47244e-06,-62.6593815
1.47248e-06,-62.8216595
1.47252e-06,-62.8578207
1.47256e-06,-62.590441
1.4726e-06,-62.7855748
1.47264e-06,-62.8470892
1.47268e-06,-62.7703651
1.47272e-06,-62.7120799
1.47276e-06,-62.9170248
1.4728e-06,-62.7940987
1.47284e-06,-62.9436929
1.47288e-06,-63.0619009
1.47292e-06,-63.0481549
1.47296e-06,-63.0674439
1.473e-06,-63.0998066
1.47304e-06,-63.2963741
1.47308e-06,-63.2780536
1.47312e-06,-63.1736982
1.47316e-06,-63.2057459
1.4732e-06,-63.2132261
1.47324e-06,-63.1762295
1.47328e-06,-63.1074849
1.47332e-06,-63.1395327
1.47336e-06,-63.2254993
1.4734e-06,-62.852406
1.47344e-06,-62.7825544
1.47348e-06,-62.9673215
1.47352e-06,-62.9325915
1.47356e-06,-62.6774903
1.4736e-06,-62.6851742
1.47364e-06,-62.7189994
1.47368e-06,-62.7007803
1.47372e-06,-62.7426063
1.47376e-06,-62.9899499
1.4738e-06,-62.9670219
1.47384e-06,-62.7937013
1.47388e-06,-63.1389834
1.47392e-06,-62.8940512
1.47396e-06,-62.6922595
1.474e-06,-63.0248124
1.47404e-06,-62.934375
1.47408e-06,-62.4453465
1.47412e-06,-62.8843224
1.47416e-06,-62.9375163
1.4742e-06,-63.0492838
1.47424e-06,-62.8876698
1.47428e-06,-62.9541553
1.47432e-06,-63.0015258
1.47436e-06,-63.2170633
1.4744e-06,-62.8530292
1.47444e-06,-62.9455508
1.47448e-06,-63.2155501
1.47452e-06,-63.1620494
1.47456e-06,-63.1708037
1.4746e-06,-63.7193843
1.47464e-06,-63.2182689
1.47468e-06,-63.5392917
1.47472e-06,-63.4119084
1.47476e-06,-63.6760774
1.4748e-06,-63.2631595
1.47484e-06,-63.267051
1.47488e-06,-63.4538048
1.47492e-06,-63.5870803
1.47496e-06,-63.4229018
1.475e-06,-63.4530833
1.47504e-06,-63.1927724
1.47508e-06,-63.6242959
1.47512e-06,-64.0036365
1.47516e-06,-63.6756259
1.4752e-06,-63.648758
1.47524e-06,-63.812924
1.47528e-06,-63.4047651
1.47532e-06,-63.5368087
1.47536e-06,-63.3745591
1.4754e-06,-63.6199789
1.47544e-06,-63.3446711
1.47548e-06,-63.6286355
1.47552e-06,-63.2727382
1.47556e-06,-63.4566764
1.4756e-06,-63.3246995
1.47564e-06,-63.0593244
1.47568e-06,-63.486047
1.47572e-06,-63.603482
1.47576e-06,-63.4605768
1.4758e-06,-63.4753988
1.47584e-06,-63.2799297
1.47588e-06,-63.2492861
1.47592e-06,-63.2681291
1.47596e-06,-63.2557854
1.476e-06,-63.156412
1.47604e-06,-63.0234925
1.47608e-06,-63.0679231
1.47612e-06,-63.079848
1.47616e-06,-63.2274088
1.4762e-06,-63.0301012
1.47624e-06,-63.2345897
1.47628e-06,-63.2720546
1.47632e-06,-63.3389556
1.47636e-06,-63.7924948
1.4764e-06,-63.3657685
1.47644e-06,-63.6201116
1.47648e-06,-63.561516
1.47652e-06,-63.6280576
1.47656e-06,-63.6420661
1.4766e-06,-63.7960269
1.47664e-06,-63.3371169
1.47668e-06,-63.4206201
1.47672e-06,-63.5600799
1.47676e-06,-63.2993686
1.4768e-06,-63.2907696
1.47684e-06,-63.4699251
1.47688e-06,-63.2379722
1.47692e-06,-63.6485004
1.47696e-06,-63.5326345
1.477e-06,-63.6207154
1.47704e-06,-64.0424259
1.47708e-06,-63.5951989
1.47712e-06,-63.6174344
1.47716e-06,-63.9161686
1.4772e-06,-63.7231855
1.47724e-06,-63.4318544
1.47728e-06,-63.6203787
1.47732e-06,-63.5125537
1.47736e-06,-63.6942629
1.4774e-06,-63.6123142
1.47744e-06,-63.8511268
1.47748e-06,-63.9114497
1.47752e-06,-63.4711465
1.47756e-06,-63.9073374
1.4776e-06,-64.0270706
1.47764e-06,-63.353606
1.47768e-06,-63.7658442
1.47772e-06,-63.7929177
1.47776e-06,-63.6831424
1.4778e-06,-63.7738575
1.47784e-06,-63.7125427
1.47788e-06,-63.7271011
1.47792e-06,-63.4480556
1.47796e-06,-63.4631174
1.478e-06,-63.4823728
1.47804e-06,-63.6239254
1.47808e-06,-63.8023015
1.47812e-06,-63.447732
1.47816e-06,-63.6401865
1.4782e-06,-63.5452708
1.47824e-06,-63.5359273
1.47828e-06,-63.681863
1.47832e-06,-63.6714223
1.47836e-06,-63.8326719
1.4784e-06,-64.0371415
1.47844e-06,-63.7698925
1.47848e-06,-64.4233114
1.47852e-06,-64.0319467
1.47856e-06,-63.8940107
1.4786e-06,-63.9972886
1.47864e-06,-64.0223256
1.47868e-06,-64.1161384
1.47872e-06,-64.0808839
1.47876e-06,-63.9376897
1.4788e-06,-64.1897556
1.47884e-06,-63.9536761
1.47888e-06,-63.8842722
1.47892e-06,-63.8900068
1.47896e-06,-64.0262374
1.479e-06,-64.1016208
1.47904e-06,-63.8413066
1.47908e-06,-63.9816511
1.47912e-06,-64.1740529
1.47916e-06,-63.9030558
1.4792e-06,-63.9137623
1.47924e-06,-63.9913067
1.47928e-06,-63.8162067
1.47932e-06,-64.072132
1.47936e-06,-63.9175972
1.4794e-06,-64.2039247
1.47944e-06,-64.3059307
1.47948e-06,-64.0812234
1.47952e-06,-64.2857923
1.47956e-06,-64.1071943
1.4796e-06,-64.4047564
1.47964e-06,-64.340471
1.47968e-06,-64.217992
1.47972e-06,-64.2659148
1.47976e-06,-64.3055314
1.4798e-06,-64.0165771
1.47984e-06,-64.6690073
1.47988e-06,-64.4282058
1.47992e-06,-64.2765146
1.47996e-06,-64.3656384
1.48e-06,-64.183528
1.48004e-06,-64.4934603
1.48008e-06,-64.5381147
1.48012e-06,-64.369624
1.48016e-06,-64.5118661
1.4802e-06,-64.0919427
1.48024e-06,-64.0757119
1.48028e-06,-64.3361644
1.48032e-06,-64.118081
1.48036e-06,-64.3066029
1.4804e-06,-64.2331621
1.48044e-06,-64.4284334
1.48048e-06,-64.7815701
1.48052e-06,-64.5546675
1.48056e-06,-64.7115156
1.4806e-06,-64.7252929
1.48064e-06,-64.7990736
1.48068e-06,-65.1091815
1.48072e-06,-65.3114332
1.48076e-06,-64.8342787
1.4808e-06,-65.0805898
1.48084e-06,-64.7693465
1.48088e-06,-64.9652141
1.48092e-06,-64.738062
1.48096e-06,-64.7957647
1.481e-06,-64.65955
1.48104e-06,-64.639904
1.48108e-06,-64.9414105
1.48112e-06,-64.7347047
1.48116e-06,-64.7301919
1.4812e-06,-64.4510617
1.48124e-06,-65.0105583
1.48128e-06,-64.7008307
1.48132e-06,-64.6736228
1.48136e-06,-64.8935202
1.4814e-06,-64.8862255
1.48144e-06,-64.5241552
1.48148e-06,-64.8768194
1.48152e-06,-64.8663093
1.48156e-06,-65.0604654
1.4816e-06,-64.9722702
1.48164e-06,-65.1714491
1.48168e-06,-65.4554217
1.48172e-06,-65.047068
1.48176e-06,-65.2724013
1.4818e-06,-65.1146919
1.48184e-06,-64.9270023
1.48188e-06,-64.9381008
1.48192e-06,-65.0564291
1.48196e-06,-64.8170748
1.482e-06,-64.7871856
1.48204e-06,-64.6446194
1.48208e-06,-64.9371022
1.48212e-06,-64.6903632
1.48216e-06,-64.717019
1.4822e-06,-64.9877662
1.48224e-06,-64.5413307
1.48228e-06,-64.5298958
1.48232e-06,-64.7405858
1.48236e-06,-64.9472111
1.4824e-06,-64.8151491
1.48244e-06,-64.9426603
1.48248e-06,-64.8072134
1.48252e-06,-65.4120682
1.48256e-06,-64.9669124
1.4826e-06,-65.064051
1.48264e-06,-65.1549771
1.48268e-06,-65.1309234
1.48272e-06,-65.0665497
1.48276e-06,-65.2223415
1.4828e-06,-65.1777224
1.48284e-06,-65.0546604
1.48288e-06,-65.2394302
1.48292e-06,-64.8929225
1.48296e-06,-64.7492416
1.483e-06,-65.0849968
1.48304e-06,-65.2379274
1.48308e-06,-65.2149454
1.48312e-06,-65.5811122
1.48316e-06,-64.7328559
1.4832e-06,-65.0758663
1.48324e-06,-65.2062413
1.48328e-06,-65.3451646
1.48332e-06,-65.2691128
1.48336e-06,-64.9434789
1.4834e-06,-65.0405955
1.48344e-06,-65.1654846
1.48348e-06,-65.4009128
1.48352e-06,-65.1545279
1.48356e-06,-65.1014906
1.4836e-06,-65.3477111
1.48364e-06,-64.8934877
1.48368e-06,-65.2798405
1.48372e-06,-64.9941994
1.48376e-06,-64.9027092
1.4838e-06,-64.8125363
1.48384e-06,-65.2315923
1.48388e-06,-65.0109807
1.48392e-06,-64.93261
1.48396e-06,-64.8740971
1.484e-06,-65.1867024
1.48404e-06,-65.0437381
1.48408e-06,-65.1863593
1.48412e-06,-65.1245839
1.48416e-06,-65.654822
1.4842e-06,-65.38788
1.48424e-06,-65.3767489
1.48428e-06,-65.4993848
1.48432e-06,-65.5606661
1.48436e-06,-65.4381756
1.4844e-06,-65.4952157
1.48444e-06,-65.2303695
1.48448e-06,-65.3256056
1.48452e-06,-65.4733051
1.48456e-06,-65.4124201
1.4846e-06,-65.3539873
1.48464e-06,-65.5215985
1.48468e-06,-65.7430466
1.48472e-06,-65.060022
1.48476e-06,-65.4390581
1.4848e-06,-65.366702
1.48484e-06,-64.9077329
1.48488e-06,-65.1893087
1.48492e-06,-65.1099336
1.48496e-06,-64.8767495
1.485e-06,-65.4238512
1.48504e-06,-65.4512889
1.48508e-06,-65.4649557
1.48512e-06,-64.9545832
1.48516e-06,-64.9653064
1.4852e-06,-65.4004595
1.48524e-06,-65.0965404
1.48528e-06,-65.1762812
1.48532e-06,-64.9319422
1.48536e-06,-64.930071
1.4854e-06,-65.0696647
1.48544e-06,-65.0955689
1.48548e-06,-65.5786179
1.48552e-06,-65.4646942
1.48556e-06,-65.2721128
1.4856e-06,-65.6140371
1.48564e-06,-65.6664185
1.48568e-06,-65.5409649
1.48572e-06,-65.593396
1.48576e-06,-65.1554483
1.4858e-06,-65.3239145
1.48584e-06,-65.4254858
1.48588e-06,-65.3222314
1.48592e-06,-65.3888218
1.48596e-06,-65.1023938
1.486e-06,-65.4624343
1.48604e-06,-65.6809029
1.48608e-06,-65.5336178
1.48612e-06,-65.4205102
1.48616e-06,-65.3821534
1.4862e-06,-65.9201505
1.48624e-06,-65.5554039
1.48628e-06,-65.7051084
1.48632e-06,-65.6093957
1.48636e-06,-65.4245965
1.4864e-06,-65.4382963
1.48644e-06,-65.6259235
1.48648e-06,-65.5790184
1.48652e-06,-65.873189
1.48656e-06,-65.5509041
1.4866e-06,-65.3733795
1.48664e-06,-66.1132479
1.48668e-06,-65.6873913
1.48672e-06,-65.5838212
1.48676e-06,-65.3083719
1.4868e-06,-65.4840821
1.48684e-06,-65.366922
1.48688e-06,-65.586332
1.48692e-06,-65.343013
1.48696e-06,-65.5889532
1.487e-06,-65.4833942
1.48704e-06,-65.7403735
1.48708e-06,-65.8968327
1.48712e-06,-65.5467976
1.48716e-06,-65.8185479
1.4872e-06,-65.7802127
1.48724e-06,-65.5435335
1.48728e-06,-65.6336408
1.48732e-06,-65.5723384
1.48736e-06,-65.6258532
1.4874e-06,-65.6919029
1.48744e-06,-65.7287938
1.48748e-06,-65.676957
1.48752e-06,-65.8212642
1.48756e-06,-65.9880185
1.4876e-06,-65.7196383
1.48764e-06,-65.7021604
1.48768e-06,-65.4231622
1.48772e-06,-65.4935757
1.48776e-06,-65.3140068
1.4878e-06,-65.7295069
1.48784e-06,-65.6452027
1.48788e-06,-65.4799928
1.48792e-06,-65.5704312
1.48796e-06,-65.4285267
1.488e-06,-65.5793469
1.48804e-06,-65.6820613
1.48808e-06,-65.839471
1.48812e-06,-65.5288728
1.48816e-06,-65.7856022
1.4882e-06,-65.7841888
1.48824e-06,-65.4585661
1.48828e-06,-65.9804805
1.48832e-06,-66.1440506
1.48836e-06,-65.6867063
1.4884e-06,-66.4366828
1.48844e-06,-66.0912696
1.48848e-06,-66.0684332
1.48852e-06,-66.3715814
1.48856e-06,-65.8908598
1.4886e-06,-66.3450341
1.48864e-06,-65.5343598
1.48868e-06,-66.0179558
1.48872e-06,-65.8789855
1.48876e-06,-65.8821371
1.4888e-06,-65.7633547
1.48884e-06,-65.9604678
1.48888e-06,-65.7338372
1.48892e-06,-65.8982339
1.48896e-06,-66.1019549
1.489e-06,-66.1101776
1.48904e-06,-66.1045131
1.48908e-06,-65.5115985
1.48912e-06,-65.9938571
1.48916e-06,-66.1124568
1.4892e-06,-65.9077339
1.48924e-06,-66.1130284
1.48928e-06,-65.7206064
1.48932e-06,-66.1903997
1.48936e-06,-66.1025612
1.4894e-06,-66.0388384
1.48944e-06,-66.0965341
1.48948e-06,-66.2096726
1.48952e-06,-65.6956214
1.48956e-06,-66.2178682
1.4896e-06,-65.8925601
1.48964e-06,-66.2357357
1.48968e-06,-65.7098665
1.48972e-06,-66.1163199
1.48976e-06,-66.3717368
1.4898e-06,-65.8793872
1.48984e-06,-66.3694819
1.48988e-06,-65.9655993
1.48992e-06,-66.0549556
1.48996e-06,-65.9376228
1.49e-06,-66.0965335
1.49004e-06,-65.965094
1.49008e-06,-65.6782039
1.49012e-06,-66.1663558
1.49016e-06,-66.3231122
1.4902e-06,-66.2612807
1.49024e-06,-66.335123
1.49028e-06,-66.3060176
1.49032e-06,-66.2974418
1.49036e-06,-66.4970884
1.4904e-06,-65.9092589
1.49044e-06,-66.1807077
1.49048e-06,-66.2202716
1.49052e-06,-65.8970404
1.49056e-06,-65.8106393
1.4906e-06,-66.1985537
1.49064e-06,-66.010453
1.49068e-06,-65.8771823
1.49072e-06,-65.888132
1.49076e-06,-66.1432012
1.4908e-06,-65.7517377
1.49084e-06,-65.5485773
1.49088e-06,-65.7476879
1.49092e-06,-65.8233812
1.49096e-06,-65.8220304
1.491e-06,-65.5528296
1.49104e-06,-65.6066326
1.49108e-06,-65.774509
1.49112e-06,-65.7836111
1.49116e-06,-66.1686362
1.4912e-06,-66.0156629
1.49124e-06,-65.7410583
1.49128e-06,-65.8191973
1.49132e-06,-65.5550457
1.49136e-06,-65.8222129
1.4914e-06,-65.9185268
1.49144e-06,-65.3263483
1.49148e-06,-65.9786453
1.49152e-06,-65.7309355
1.49156e-06,-65.975205
1.4916e-06,-65.6955477
1.49164e-06,-65.7373588
1.49168e-06,-65.8165848
1.49172e-06,-65.5013922
1.49176e-06,-65.8575415
1.4918e-06,-65.9689177
1.49184e-06,-65.3492575
1.49188e-06,-65.6768616
1.49192e-06,-65.9314892
1.49196e-06,-65.4560195
1.492e-06,-65.4924155
1.49204e-06,-65.4634729
1.49208e-06,-65.75798
1.49212e-06,-65.3900904
1.49216e-06,-65.6110891
1.4922e-06,-65.6018347
1.49224e-06,-65.0854361
1.49228e-06,-65.6845813
1.49232e-06,-65.7679728
1.49236e-06,-65.7407046
1.4924e-06,-65.3601764
1.49244e-06,-65.5035844
1.49248e-06,-65.5968824
1.49252e-06,-65.5897029
1.49256e-06,-66.1722949
1.4926e-06,-65.3778069
1.49264e-06,-65.6082473
1.49268e-06,-65.497325
1.49272e-06,-65.7211999
1.49276e-06,-65.4999914
1.4928e-06,-65.404434
1.49284e-06,-65.6792955
1.49288e-06,-65.4261696
1.49292e-06,-65.5389196
1.49296e-06,-65.733543
1.493e-06,-65.9772411
1.49304e-06,-65.7423757
1.49308e-06,-65.9120431
1.49312e-06,-66.0638063
1.49316e-06,-65.6032328
1.4932e-06,-65.3436039
1.49324e-06,-65.5293004
1.49328e-06,-65.7057863
1.49332e-06,-65.7123902
1.49336e-06,-66.0360575
1.4934e-06,-65.4171003
1.49344e-06,-65.6007921
1.49348e-06,-65.818373
1.49352e-06,-65.7408439
1.49356e-06,-65.8834938
1.4936e-06,-66.147601
1.49364e-06,-65.4880681
1.49368e-06,-65.2200455
1.49372e-06,-65.3412739
1.49376e-06,-65.6434421
1.4938e-06,-65.1071705
1.49384e-06,-64.8176005
1.49388e-06,-65.4157592
1.49392e-06,-65.5748816
1.49396e-06,-65.2990239
1.494e-06,-65.2807573
1.49404e-06,-65.3567818
1.49408e-06,-65.5368556
1.49412e-06,-65.6204153
1.49416e-06,-65.1395129
1.4942e-06,-65.8353259
1.49424e-06,-65.0492028
1.49428e-06,-65.7483082
1.49432e-06,-66.0942401
1.49436e-06,-65.7216985
1.4944e-06,-66.0155447
1.49444e-06,-65.3452247
1.49448e-06,-65.6777162
1.49452e-06,-65.6435269
1.49456e-06,-65.6918849
1.4946e-06,-65.9567106
1.49464e-06,-65.5981921
1.49468e-06,-65.5066063
1.49472e-06,-65.2084282
1.49476e-06,-65.0837789
1.4948e-06,-65.6249778
1.49484e-06,-65.5825589
1.49488e-06,-65.3702229
1.49492e-06,-65.6562617
1.49496e-06,-65.9398842
1.495e-06,-65.8155158
1.49504e-06,-65.868225
1.49508e-06,-65.6294758
1.49512e-06,-65.9327758
1.49516e-06,-65.8587151
1.4952e-06,-65.5287967
1.49524e-06,-65.8530324
1.49528e-06,-65.6354953
1.49532e-06,-65.5535773
1.49536e-06,-65.9032159
1.4954e-06,-65.6954718
1.49544e-06,-65.4562095
1.49548e-06,-65.5345639
1.49552e-06,-66.3775815
1.49556e-06,-65.5032578
1.4956e-06,-65.5100586
1.49564e-06,-65.8153265
1.49568e-06,-65.8232892
1.49572e-06,-65.9984209
1.49576e-06,-65.3553639
1.4958e-06,-63.6671546
1.49584e-06,-52.8079342
1.49588e-06,-51.1374479
1.49592e-06,-51.1819366
1.49596e-06,-53.1524617
1.496e-06,-64.1335056
1.49604e-06,-64.9836009
1.49608e-06,-65.3441647
1.49612e-06,-65.6155271
1.49616e-06,-65.8118269
1.4962e-06,-65.8915164
1.49624e-06,-65.8340613
1.49628e-06,-65.4787948
1.49632e-06,-65.995207
1.49636e-06,-65.7398889
1.4964e-06,-65.3503793
1.49644e-06,-65.5982487
1.49648e-06,-65.6668357
1.49652e-06,-65.5610938
1.49656e-06,-65.3750773
1.4966e-06,-65.1897855
1.49664e-06,-65.6479547
1.49668e-06,-65.7266162
1.49672e-06,-66.0969907
1.49676e-06,-65.4820475
1.4968e-06,-65.6140642
1.49684e-06,-65.6422881
1.49688e-06,-65.6132882
1.49692e-06,-65.9417754
1.49696e-06,-65.4715045
1.497e-06,-65.7744429
1.49704e-06,-65.3052841
1.49708e-06,-65.7874879
1.49712e-06,-65.8801796
1.49716e-06,-65.6878066
1.4972e-06,-65.7919231
1.49724e-06,-65.5640132
1.49728e-06,-65.6142556
1.49732e-06,-66.1282551
1.49736e-06,-65.8219746
1.4974e-06,-66.416703
1.49744e-06,-65.8879448
1.49748e-06,-65.6979743
1.49752e-06,-65.7049971
1.49756e-06,-65.9459778
1.4976e-06,-66.5339175
1.49764e-06,-66.3411059
1.49768e-06,-65.7829626
1.49772e-06,-66.5225983
1.49776e-06,-65.6660117
1.4978e-06,-65.7134204
1.49784e-06,-66.1144693
1.49788e-06,-65.3511046
1.49792e-06,-66.4106352
1.49796e-06,-66.1587699
1.498e-06,-66.2666787
1.49804e-06,-65.7641546
1.49808e-06,-65.6890524
1.49812e-06,-66.0374862
1.49816e-06,-65.8183211
1.4982e-06,-65.8828376
1.49824e-06,-65.7806297
1.49828e-06,-65.4242566
1.49832e-06,-65.952279
1.49836e-06,-65.3711485
1.4984e-06,-65.5385928
1.49844e-06,-65.7544679
1.49848e-06,-65.6694113
1.49852e-06,-66.1813706
1.49856e-06,-65.6302893
1.4986e-06,-65.1031969
1.49864e-06,-65.6192986
1.49868e-06,-65.8721477
1.49872e-06,-65.6001665
1.49876e-06,-66.3263194
1.4988e-06,-65.8790019
1.49884e-06,-65.9220191
1.49888e-06,-66.4216417
1.49892e-06,-66.3390984
1.49896e-06,-65.8922861
1.499e-06,-65.8765469
1.49904e-06,-65.7298091
1.49908e-06,-65.9770568
1.49912e-06,-65.602764
1.49916e-06,-64.7969172
1.4992e-06,-66.1236175
1.49924e-06,-65.9749781
1.49928e-06,-66.0346594
1.49932e-06,-66.2051551
1.49936e-06,-65.9667648
1.4994e-06,-66.2212183
1.49944e-06,-66.0606926
1.49948e-06,-66.0630568
1.49952e-06,-65.7422397
1.49956e-06,-66.1036275
1.4996e-06,-65.8342954
1.49964e-06,-65.5073386
1.49968e-06,-66.3857636
1.49972e-06,-65.8339636
1.49976e-06,-66.2603751
1.4998e-06,-65.8853113
1.49984e-06,-65.709298
1.49988e-06,-66.6117039
1.49992e-06,-66.0420949
1.49996e-06,-65.4119817
1.5e-06,-66.3452932
1.50004e-06,-65.7104512
1.50008e-06,-65.7643444
1.50012e-06,-65.4205031
1.50016e-06,-65.8712892
1.5002e-06,-66.2096178
1.50024e-06,-66.0307439
1.50028e-06,-65.573653
1.50032e-06,-65.722664
1.50036e-06,-65.8223181
1.5004e-06,-66.0590309
1.50044e-06,-66.1043097
1.50048e-06,-65.558762
1.50052e-06,-66.3182801
1.50056e-06,-66.2307119
1.5006e-06,-66.0812497
1.50064e-06,-66.4098007
1.50068e-06,-66.3822066
1.50072e-06,-66.2658673
1.50076e-06,-65.9477741
1.5008e-06,-66.0382816
1.50084e-06,-65.8545961
1.50088e-06,-66.2927421
1.50092e-06,-65.8903665
1.50096e-06,-65.766372
1.501e-06,-66.127444
1.50104e-06,-66.2247463
1.50108e-06,-65.8935197
1.50112e-06,-66.2855046
1.50116e-06,-65.7290855
1.5012e-06,-66.2283583
1.50124e-06,-65.8120173
1.50128e-06,-65.7251238
1.50132e-06,-65.838635
1.50136e-06,-66.0489581
1.5014e-06,-66.3930885
1.50144e-06,-66.4110933
1.50148e-06,-65.7659996
1.50152e-06,-65.7409931
1.50156e-06,-66.207017
1.5016e-06,-66.3622453
1.50164e-06,-66.4690805
1.50168e-06,-66.4433374
1.50172e-06,-66.3455659
1.50176e-06,-66.0240367
1.5018e-06,-66.27885
1.50184e-06,-66.5839961
1.50188e-06,-65.9924703
1.50192e-06,-66.5337506
1.50196e-06,-66.485563
1.502e-06,-66.8099824
1.50204e-06,-66.2752281
1.50208e-06,-66.1595511
1.50212e-06,-66.2604992
1.50216e-06,-66.1393612
1.5022e-06,-66.0505489
1.50224e-06,-66.0344719
1.50228e-06,-65.7494375
1.50232e-06,-65.9908302
1.50236e-06,-66.0024348
1.5024e-06,-65.8661765
1.50244e-06,-65.7980229
1.50248e-06,-66.113053
1.50252e-06,-66.4896803
1.50256e-06,-66.0378362
1.5026e-06,-65.7085639
1.50264e-06,-66.1894896
1.50268e-06,-66.5304515
1.50272e-06,-65.8738311
1.50276e-06,-66.2473921
1.5028e-06,-65.6264605
1.50284e-06,-65.3398186
1.50288e-06,-65.7498628
1.50292e-06,-65.8462476
1.50296e-06,-66.3488902
1.503e-06,-66.2983556
1.50304e-06,-65.8454521
1.50308e-06,-66.1432305
1.50312e-06,-66.7355495
1.50316e-06,-66.1567494
1.5032e-06,-66.0723003
1.50324e-06,-65.5895452
1.50328e-06,-65.6905777
1.50332e-06,-66.0750224
1.50336e-06,-66.283928
1.5034e-06,-66.1164134
1.50344e-06,-65.990345
1.50348e-06,-66.4091712
1.50352e-06,-66.794974
1.50356e-06,-66.4551286
1.5036e-06,-66.2402873
1.50364e-06,-66.6277348
1.50368e-06,-66.076255
1.50372e-06,-66.6065076
1.50376e-06,-66.0234524
1.5038e-06,-66.5372183
1.50384e-06,-66.2052935
1.50388e-06,-66.1560082
1.50392e-06,-66.5194992
1.50396e-06,-66.184123
1.504e-06,-65.7975345
1.50404e-06,-66.2089312
1.50408e-06,-66.3528986
1.50412e-06,-65.7716559
1.50416e-06,-66.2106483
1.5042e-06,-66.3751833
1.50424e-06,-66.1076722
1.50428e-06,-66.3755929
1.50432e-06,-66.2807205
1.50436e-06,-65.8939862
1.5044e-06,-66.5553688
1.50444e-06,-66.5909663
1.50448e-06,-66.5594218
1.50452e-06,-66.4362267
1.50456e-06,-66.4211849
1.5046e-06,-66.3504509
1.50464e-06,-66.3944814
1.50468e-06,-66.322119
1.50472e-06,-66.2163985
1.50476e-06,-66.7501072
1.5048e-06,-66.8062328
1.50484e-06,-66.4416388
1.50488e-06,-66.5214705
1.50492e-06,-66.7837071
1.50496e-06,-66.4279876
1.505e-06,-66.3743359
1.50504e-06,-66.55666
1.50508e-06,-66.5667437
1.50512e-06,-66.7850311
1.50516e-06,-66.4963735
1.5052e-06,-66.7278355
1.50524e-06,-67.0721308
1.50528e-06,-66.945731
1.50532e-06,-66.7088302
1.50536e-06,-66.8933439
1.5054e-06,-66.6372071
1.50544e-06,-66.9069758
1.50548e-06,-66.7786543
1.50552e-06,-67.1159868
1.50556e-06,-66.7532965
1.5056e-06,-66.837706
1.50564e-06,-66.9640322
1.50568e-06,-67.2011501
1.50572e-06,-66.4356131
1.50576e-06,-66.9764062
1.5058e-06,-67.4902311
1.50584e-06,-67.473829
1.50588e-06,-67.039156
1.50592e-06,-67.1693063
1.50596e-06,-67.5277807
1.506e-06,-67.1882468
1.50604e-06,-67.0170987
1.50608e-06,-66.9658956
1.50612e-06,-67.4840033
1.50616e-06,-66.9167953
1.5062e-06,-67.5651555
1.50624e-06,-66.8444019
1.50628e-06,-67.5339237
1.50632e-06,-67.2787735
1.50636e-06,-67.4539243
1.5064e-06,-67.5845189
1.50644e-06,-67.2228742
1.50648e-06,-67.3704115
1.50652e-06,-67.3493964
1.50656e-06,-68.1157211
1.5066e-06,-67.699757
1.50664e-06,-67.8126008
1.50668e-06,-67.0382923
1.50672e-06,-67.716883
1.50676e-06,-67.8172745
1.5068e-06,-67.4355729
1.50684e-06,-67.5524093
1.50688e-06,-67.3752662
1.50692e-06,-67.5597215
1.50696e-06,-67.8296358
1.507e-06,-67.8998346
1.50704e-06,-67.8155294
1.50708e-06,-67.6693126
1.50712e-06,-67.8718748
1.50716e-06,-68.0560602
1.5072e-06,-67.1331884
1.50724e-06,-67.5384592
1.50728e-06,-67.3772191
1.50732e-06,-67.5651572
1.50736e-06,-67.8997052
1.5074e-06,-67.7661117
1.50744e-06,-67.3066027
1.50748e-06,-67.5881529
1.50752e-06,-67.6286493
1.50756e-06,-67.9035599
1.5076e-06,-67.5569111
1.50764e-06,-67.3401582
1.50768e-06,-67.7309817
1.50772e-06,-67.5031808
1.50776e-06,-68.2162885
1.5078e-06,-67.4989051
1.50784e-06,-67.3442203
1.50788e-06,-67.1355897
1.50792e-06,-67.7353411
1.50796e-06,-67.3654372
1.508e-06,-67.5110982
1.50804e-06,-67.8959231
1.50808e-06,-67.4574197
1.50812e-06,-67.8305555
1.50816e-06,-67.9839705
1.5082e-06,-67.8078096
1.50824e-06,-67.6804596
1.50828e-06,-67.7033352
1.50832e-06,-68.121298
1.50836e-06,-67.899462
1.5084e-06,-67.7199601
1.50844e-06,-67.785394
1.50848e-06,-67.3348074
1.50852e-06,-68.1649135
1.50856e-06,-67.644318
1.5086e-06,-67.7495092
1.50864e-06,-67.5595177
1.50868e-06,-68.1215117
1.50872e-06,-68.0677519
1.50876e-06,-67.9402815
1.5088e-06,-68.0814852
1.50884e-06,-67.1801019
1.50888e-06,-67.4432207
1.50892e-06,-68.1665657
1.50896e-06,-67.8718545
1.509e-06,-67.7106572
1.50904e-06,-67.3561122
1.50908e-06,-67.1944484
1.50912e-06,-67.8603142
1.50916e-06,-68.033455
1.5092e-06,-67.104634
1.50924e-06,-67.9354653
1.50928e-06,-67.4690756
1.50932e-06,-67.9727687
1.50936e-06,-67.7760124
1.5094e-06,-67.9042339
1.50944e-06,-67.8895548
1.50948e-06,-67.7459526
1.50952e-06,-67.9231412
1.50956e-06,-67.4238904
1.5096e-06,-67.5285638
1.50964e-06,-67.275431
1.50968e-06,-67.9098444
1.50972e-06,-67.9910301
1.50976e-06,-67.445032
1.5098e-06,-68.1751566
1.50984e-06,-67.1078192
1.50988e-06,-67.8508144
1.50992e-06,-67.5068907
1.50996e-06,-67.4839884
1.51e-06,-67.8804432
1.51004e-06,-67.4527472
1.51008e-06,-67.9518213
1.51012e-06,-67.8934491
1.51016e-06,-67.2776262
1.5102e-06,-67.7119455
1.51024e-06,-67.8046491
1.51028e-06,-68.0445654
1.51032e-06,-68.3208552
1.51036e-06,-67.3758558
1.5104e-06,-67.5683354
1.51044e-06,-67.8382728
1.51048e-06,-67.7919007
1.51052e-06,-67.8209818
1.51056e-06,-67.6210865
1.5106e-06,-67.9420319
1.51064e-06,-67.8070174
1.51068e-06,-67.8272973
1.51072e-06,-68.0328399
1.51076e-06,-67.3572401
1.5108e-06,-68.0462627
1.51084e-06,-67.9471244
1.51088e-06,-67.345033
1.51092e-06,-67.6196424
1.51096e-06,-67.7450957
1.511e-06,-67.6262386
1.51104e-06,-67.2139765
1.51108e-06,-68.2032032
1.51112e-06,-67.3797213
1.51116e-06,-67.4921192
1.5112e-06,-67.6414676
1.51124e-06,-67.7276056
1.51128e-06,-67.4841989
1.51132e-06,-67.6789543
1.51136e-06,-67.2675027
1.5114e-06,-67.3688415
1.51144e-06,-67.6454804
1.51148e-06,-67.7285809
1.51152e-06,-67.4271384
1.51156e-06,-67.7919093
1.5116e-06,-67.6819661
1.51164e-06,-68.5054805
1.51168e-06,-67.2857692
1.51172e-06,-67.6382547
1.51176e-06,-67.9097358
1.5118e-06,-67.7301109
1.51184e-06,-67.8395272
1.51188e-06,-67.3249507
1.51192e-06,-67.4301658
1.51196e-06,-67.7367525
1.512e-06,-67.929501
1.51204e-06,-67.9970979
1.51208e-06,-67.7704286
1.51212e-06,-67.4539982
1.51216e-06,-67.9007657
1.5122e-06,-67.8770407
1.51224e-06,-67.9477502
1.51228e-06,-68.0678964
1.51232e-06,-67.4639182
1.51236e-06,-67.9227155
1.5124e-06,-67.8129451
1.51244e-06,-68.0833624
1.51248e-06,-67.7333006
1.51252e-06,-67.8063418
1.51256e-06,-67.6337007
1.5126e-06,-67.8836461
1.51264e-06,-67.8393033
1.51268e-06,-67.5252291
1.51272e-06,-67.775117
1.51276e-06,-67.5919507
1.5128e-06,-67.8521038
1.51284e-06,-67.9414967
1.51288e-06,-67.3555578
1.51292e-06,-67.7616631
1.51296e-06,-66.9914969
1.513e-06,-67.4383984
1.51304e-06,-67.69241
1.51308e-06,-67.5519016
1.51312e-06,-67.8920578
1.51316e-06,-67.5723941
1.5132e-06,-68.2967826
1.51324e-06,-67.502713
1.51328e-06,-68.2782009
1.51332e-06,-67.3771003
1.51336e-06,-67.8668944
1.5134e-06,-68.1442075
1.51344e-06,-67.7432375
1.51348e-06,-67.8397146
1.51352e-06,-67.6835077
1.51356e-06,-67.5913784
1.5136e-06,-68.3378692
1.51364e-06,-67.4209243
1.51368e-06,-68.2364028
1.51372e-06,-68.0268909
1.51376e-06,-67.8582043
1.5138e-06,-67.8749694
1.51384e-06,-67.6599687
1.51388e-06,-67.3430834
1.51392e-06,-67.8777028
1.51396e-06,-68.7135303
1.514e-06,-67.357207
1.51404e-06,-68.1004091
1.51408e-06,-67.7011844
1.51412e-06,-68.4584207
1.51416e-06,-67.6491202
1.5142e-06,-67.9406208
1.51424e-06,-67.507813
1.51428e-06,-67.8607884
1.51432e-06,-67.9617379
1.51436e-06,-67.7670765
1.5144e-06,-67.6745528
1.51444e-06,-67.5607124
1.51448e-06,-67.8100442
1.51452e-06,-67.8871932
1.51456e-06,-68.0550784
1.5146e-06,-67.5197072
1.51464e-06,-67.2768073
1.51468e-06,-67.5917865
1.51472e-06,-67.813668
1.51476e-06,-67.7596699
1.5148e-06,-67.7579604
1.51484e-06,-67.9878037
1.51488e-06,-67.3774716
1.51492e-06,-68.0622458
1.51496e-06,-68.3733088
1.515e-06,-67.8198576
1.51504e-06,-67.6553165
1.51508e-06,-68.0561771
1.51512e-06,-68.2510722
1.51516e-06,-68.2489262
1.5152e-06,-67.4392458
1.51524e-06,-68.2460929
1.51528e-06,-68.0148613
1.51532e-06,-68.0058259
1.51536e-06,-68.1199878
1.5154e-06,-67.1969466
1.51544e-06,-67.9927823
1.51548e-06,-67.7876806
1.51552e-06,-67.7652684
1.51556e-06,-67.3403741
1.5156e-06,-67.7083161
1.51564e-06,-67.569284
1.51568e-06,-68.5916505
1.51572e-06,-67.2629167
1.51576e-06,-67.6774059
1.5158e-06,-67.7502765
1.51584e-06,-67.289649
1.51588e-06,-68.1140919
1.51592e-06,-67.3921991
1.51596e-06,-67.3729692
1.516e-06,-67.8388466
1.51604e-06,-67.7410172
1.51608e-06,-67.7603131
1.51612e-06,-68.2881096
1.51616e-06,-67.7258726
1.5162e-06,-67.6533502
1.51624e-06,-68.0057948
1.51628e-06,-67.6598106
1.51632e-06,-67.3410004
1.51636e-06,-68.3066643
1.5164e-06,-67.4681992
1.51644e-06,-68.4058027
1.51648e-06,-67.6828051
1.51652e-06,-67.9350076
1.51656e-06,-67.8268422
1.5166e-06,-67.9531308
1.51664e-06,-68.4330599
1.51668e-06,-67.510037
1.51672e-06,-67.3950842
1.51676e-06,-67.4139094
1.5168e-06,-67.9685481
1.51684e-06,-67.6169625
1.51688e-06,-68.1792491
1.51692e-06,-67.7744461
1.51696e-06,-67.8283164
1.517e-06,-67.7114661
1.51704e-06,-67.4920067
1.51708e-06,-67.4088312
1.51712e-06,-67.8176922
1.51716e-06,-67.7495301
1.5172e-06,-67.9169086
1.51724e-06,-67.7994963
1.51728e-06,-67.9588828
1.51732e-06,-67.3829136
1.51736e-06,-67.5713196
1.5174e-06,-67.8978166
1.51744e-06,-68.3116073
1.51748e-06,-67.6705803
1.51752e-06,-67.8019379
1.51756e-06,-67.6423618
1.5176e-06,-67.7432173
1.51764e-06,-67.6123787
1.51768e-06,-67.9387045
1.51772e-06,-67.926784
1.51776e-06,-67.9128643
1.5178e-06,-67.507438
1.51784e-06,-68.0499574
1.51788e-06,-68.2786047
1.51792e-06,-67.7072067
1.51796e-06,-68.1106723
1.518e-06,-68.0658133
1.51804e-06,-67.8970783
1.51808e-06,-68.0092094
1.51812e-06,-68.4715174
1.51816e-06,-67.717423
1.5182e-06,-67.7698657
1.51824e-06,-68.4551103
1.51828e-06,-68.0257564
1.51832e-06,-67.9354882
1.51836e-06,-67.8735799
1.5184e-06,-68.1117239
1.51844e-06,-67.6842554
1.51848e-06,-68.5984702
1.51852e-06,-67.629318
1.51856e-06,-67.3681612
1.5186e-06,-67.9105952
1.51864e-06,-67.6573508
1.51868e-06,-67.8361855
1.51872e-06,-67.5325638
1.51876e-06,-67.7241291
1.5188e-06,-67.8214959
1.51884e-06,-67.8629003
1.51888e-06,-68.201973
1.51892e-06,-67.9047089
1.51896e-06,-68.2152971
1.519e-06,-67.9394048
1.51904e-06,-68.0880853
1.51908e-06,-67.4796134
1.51912e-06,-67.813362
1.51916e-06,-67.7059479
1.5192e-06,-67.8105153
1.51924e-06,-67.8952976
1.51928e-06,-68.2257046
1.51932e-06,-67.6032666
1.51936e-06,-67.9500164
1.5194e-06,-67.4837811
1.51944e-06,-67.9938966
1.51948e-06,-67.5648355
1.51952e-06,-68.0695887
1.51956e-06,-68.154934
1.5196e-06,-68.2846995
1.51964e-06,-68.0391257
1.51968e-06,-67.7466637
1.51972e-06,-67.8527819
1.51976e-06,-67.8823414
1.5198e-06,-67.8249454
1.51984e-06,-67.8866066
1.51988e-06,-67.578572
1.51992e-06,-68.1196801
1.51996e-06,-68.2462412
1.52e-06,-67.2661128
1.52004e-06,-68.2471672
1.52008e-06,-67.5580884
1.52012e-06,-68.0527041
1.52016e-06,-68.1415953
1.5202e-06,-67.5728884
1.52024e-06,-67.8730123
1.52028e-06,-67.6933114
1.52032e-06,-67.3059187
1.52036e-06,-68.7672485
1.5204e-06,-67.6680831
1.52044e-06,-67.4230585
1.52048e-06,-67.7659952
1.52052e-06,-67.4692819
1.52056e-06,-68.0674353
1.5206e-06,-68.2107393
1.52064e-06,-66.9153976
1.52068e-06,-68.1913877
1.52072e-06,-67.8144863
1.52076e-06,-67.6821382
1.5208e-06,-67.8841105
1.52084e-06,-68.2110314
1.52088e-06,-67.620008
1.52092e-06,-68.3223077
1.52096e-06,-67.7045002
1.521e-06,-67.4332341
1.52104e-06,-67.8553652
1.52108e-06,-68.178134
1.52112e-06,-67.8482481
1.52116e-06,-67.9648509
1.5212e-06,-67.6121554
1.52124e-06,-68.5202647
1.52128e-06,-68.0310249
1.52132e-06,-68.1834189
1.52136e-06,-68.389642
1.5214e-06,-67.9888288
1.52144e-06,-68.4095678
1.52148e-06,-68.2886658
1.52152e-06,-68.1006495
1.52156e-06,-67.3806356
1.5216e-06,-68.1375741
1.52164e-06,-67.9666134
1.52168e-06,-68.6790348
1.52172e-06,-67.5779184
1.52176e-06,-67.4101164
1.5218e-06,-68.0279764
1.52184e-06,-68.2068861
1.52188e-06,-67.3823082
1.52192e-06,-67.7344162
1.52196e-06,-67.3834254
1.522e-06,-68.0971671
1.52204e-06,-67.8575996
1.52208e-06,-67.5193236
1.52212e-06,-67.5989374
1.52216e-06,-67.6427768
1.5222e-06,-67.9159467
1.52224e-06,-67.8651171
1.52228e-06,-67.8685261
1.52232e-06,-67.9744109
1.52236e-06,-68.0917829
1.5224e-06,-68.3978876
1.52244e-06,-67.5014166
1.52248e-06,-67.9768251
1.52252e-06,-67.5512469
1.52256e-06,-67.7415047
1.5226e-06,-68.1979189
1.52264e-06,-68.459292
1.52268e-06,-67.7559103
1.52272e-06,-68.4439271
1.52276e-06,-67.7608749
1.5228e-06,-67.6695301
1.52284e-06,-68.0503042
1.52288e-06,-67.9045935
1.52292e-06,-67.3654763
1.52296e-06,-68.1262356
1.523e-06,-68.6026996
1.52304e-06,-68.2395995
1.52308e-06,-67.3745564
1.52312e-06,-68.2101185
1.52316e-06,-67.6838659
1.5232e-06,-67.9866613
1.52324e-06,-68.0716447
1.52328e-06,-67.6953452
1.52332e-06,-67.6238344
1.52336e-06,-67.9114447
1.5234e-06,-67.835824
1.52344e-06,-67.7116859
1.52348e-06,-67.5663669
1.52352e-06,-68.3083145
1.52356e-06,-67.8020509
1.5236e-06,-67.4693972
1.52364e-06,-67.8956846
1.52368e-06,-67.8403013
1.52372e-06,-67.2688229
1.52376e-06,-67.9796503
1.5238e-06,-68.1434625
1.52384e-06,-67.5032013
1.52388e-06,-68.1417365
1.52392e-06,-68.0464368
1.52396e-06,-68.0518662
1.524e-06,-67.9625181
1.52404e-06,-67.2810876
1.52408e-06,-67.6080257
1.52412e-06,-67.827861
1.52416e-06,-67.7816576
1.5242e-06,-67.3945683
1.52424e-06,-67.3020855
1.52428e-06,-68.1243191
1.52432e-06,-67.8815634
1.52436e-06,-67.6294191
1.5244e-06,-68.0402474
1.52444e-06,-67.6784583
1.52448e-06,-67.7250407
1.52452e-06,-67.7463239
1.52456e-06,-68.1158647
1.5246e-06,-68.0208082
1.52464e-06,-68.1477957
1.52468e-06,-68.1772725
1.52472e-06,-67.8047534
1.52476e-06,-68.1731372
1.5248e-06,-68.1892887
1.52484e-06,-67.3284934
1.52488e-06,-67.9450214
1.52492e-06,-68.1614028
1.52496e-06,-68.1050368
1.525e-06,-67.4870768
1.52504e-06,-68.0086613
1.52508e-06,-68.2129517
1.52512e-06,-67.7182147
1.52516e-06,-67.8580259
1.5252e-06,-68.3020642
1.52524e-06,-67.6242213
1.52528e-06,-68.3566356
1.52532e-06,-68.7122307
1.52536e-06,-67.7427087
1.5254e-06,-67.9341069
1.52544e-06,-68.4073532
1.52548e-06,-67.8518214
1.52552e-06,-68.0815798
1.52556e-06,-67.5942773
1.5256e-06,-67.7471916
1.52564e-06,-68.0343536
1.52568e-06,-67.9376241
1.52572e-06,-67.9212339
1.52576e-06,-67.4482884
1.5258e-06,-67.9338041
1.52584e-06,-67.9473949
1.52588e-06,-68.1803686
1.52592e-06,-67.9282929
1.52596e-06,-67.4756315
1.526e-06,-67.8244584
1.52604e-06,-67.741303
1.52608e-06,-67.9988783
1.52612e-06,-67.8574694
1.52616e-06,-68.3818286
1.5262e-06,-68.0759246
1.52624e-06,-68.0503128
1.52628e-06,-67.9185601
1.52632e-06,-67.5009945
1.52636e-06,-68.3416638
1.5264e-06,-67.6946826
1.52644e-06,-67.9385141
1.52648e-06,-67.4945418
1.52652e-06,-68.3738406
1.52656e-06,-67.6329066
1.5266e-06,-67.966215
1.52664e-06,-68.1240328
1.52668e-06,-67.5543597
1.52672e-06,-68.2135217
1.52676e-06,-68.4618309
1.5268e-06,-68.8450967
1.52684e-06,-68.1988738
1.52688e-06,-67.6995291
1.52692e-06,-68.2662987
1.52696e-06,-68.5231614
1.527e-06,-68.5334578
1.52704e-06,-68.2063903
1.52708e-06,-68.0458819
1.52712e-06,-68.6990255
1.52716e-06,-67.9077362
1.5272e-06,-68.1222209
1.52724e-06,-67.8254551
1.52728e-06,-67.9985275
1.52732e-06,-68.111061
1.52736e-06,-68.1421236
1.5274e-06,-67.8804294
1.52744e-06,-67.876381
1.52748e-06,-67.5925619
1.52752e-06,-68.0162063
1.52756e-06,-68.2516643
1.5276e-06,-68.2143808
1.52764e-06,-67.9536351
1.52768e-06,-67.9760185
1.52772e-06,-67.8394896
1.52776e-06,-68.1511907
1.5278e-06,-67.6496379
1.52784e-06,-68.2653831
1.52788e-06,-68.0081829
1.52792e-06,-68.2531592
1.52796e-06,-68.086249
1.528e-06,-67.9868629
1.52804e-06,-67.6155207
1.52808e-06,-68.3585147
1.52812e-06,-67.8471341
1.52816e-06,-67.9508646
1.5282e-06,-68.2685568
1.52824e-06,-68.5933581
1.52828e-06,-67.8140529
1.52832e-06,-68.0657938
1.52836e-06,-67.759771
1.5284e-06,-67.7611144
1.52844e-06,-68.1314119
1.52848e-06,-67.7564355
1.52852e-06,-67.5828121
1.52856e-06,-68.1580127
1.5286e-06,-67.7940051
1.52864e-06,-67.6310586
1.52868e-06,-67.9082323
1.52872e-06,-67.5741693
1.52876e-06,-67.4231638
1.5288e-06,-67.8444596
1.52884e-06,-67.6937105
1.52888e-06,-67.2673274
1.52892e-06,-67.9593911
1.52896e-06,-67.9898685
1.529e-06,-67.7763697
1.52904e-06,-68.294465
1.52908e-06,-67.8252168
1.52912e-06,-67.9988987
1.52916e-06,-68.362421
1.5292e-06,-68.2804628
1.52924e-06,-68.344107
1.52928e-06,-68.1143858
1.52932e-06,-67.7922187
1.52936e-06,-68.638443
1.5294e-06,-67.3540001
1.52944e-06,-67.8452433
1.52948e-06,-68.3552896
1.52952e-06,-67.5744001
1.52956e-06,-68.4948926
1.5296e-06,-68.3456692
1.52964e-06,-68.1997378
1.52968e-06,-68.3426588
1.52972e-06,-67.9290242
1.52976e-06,-68.2133187
1.5298e-06,-68.6997192
1.52984e-06,-68.6795626
1.52988e-06,-67.7877503
1.52992e-06,-68.1307326
1.52996e-06,-68.2431348
1.53e-06,-67.6778609
1.53004e-06,-67.76167
1.53008e-06,-68.2605179
1.53012e-06,-67.3997236
1.53016e-06,-67.8097229
1.5302e-06,-68.0805085
1.53024e-06,-67.5496717
1.53028e-06,-67.9698438
1.53032e-06,-68.3814641
1.53036e-06,-68.0650186
1.5304e-06,-68.2315988
1.53044e-06,-68.3569039
1.53048e-06,-68.2884321
1.53052e-06,-67.8529992
1.53056e-06,-68.2136078
1.5306e-06,-67.7461111
1.53064e-06,-67.4694383
1.53068e-06,-68.09677
1.53072e-06,-68.2569509
1.53076e-06,-68.0941573
1.5308e-06,-68.2668292
1.53084e-06,-67.46806
1.53088e-06,-67.8940231
1.53092e-06,-68.3331259
1.53096e-06,-67.9311904
1.531e-06,-67.4116741
1.53104e-06,-68.1220201
1.53108e-06,-68.1359958
1.53112e-06,-68.341234
1.53116e-06,-68.2705159
1.5312e-06,-68.8825318
1.53124e-06,-67.5693883
1.53128e-06,-67.9212887
1.53132e-06,-67.8362452
1.53136e-06,-67.8964346
1.5314e-06,-68.2723085
1.53144e-06,-67.9284614
1.53148e-06,-68.1475582
1.53152e-06,-68.5009461
1.53156e-06,-67.7433712
1.5316e-06,-67.9653083
1.53164e-06,-68.2371474
1.53168e-06,-68.0870875
1.53172e-06,-68.1628281
1.53176e-06,-67.7143333
1.5318e-06,-68.393388
1.53184e-06,-68.0481254
1.53188e-06,-67.9404455
1.53192e-06,-67.6354541
1.53196e-06,-68.1717477
1.532e-06,-68.1318234
1.53204e-06,-68.3655814
1.53208e-06,-68.419889
1.53212e-06,-68.1616164
1.53216e-06,-67.972233
1.5322e-06,-68.0393562
1.53224e-06,-68.0920581
1.53228e-06,-68.0079934
1.53232e-06,-67.5828881
1.53236e-06,-68.5797367
1.5324e-06,-68.0624729
1.53244e-06,-67.8805693
1.53248e-06,-67.661305
1.53252e-06,-67.9807828
1.53256e-06,-68.3589068
1.5326e-06,-68.1980167
1.53264e-06,-67.9174371
1.53268e-06,-68.3008893
1.53272e-06,-68.1205724
1.53276e-06,-68.2455266
1.5328e-06,-68.0991243
1.53284e-06,-67.8032555
1.53288e-06,-68.7494863
1.53292e-06,-68.2618608
1.53296e-06,-67.8432605
1.533e-06,-68.0396423
1.53304e-06,-68.1474213
1.53308e-06,-68.1857671
1.53312e-06,-68.0093677
1.53316e-06,-68.2368696
1.5332e-06,-68.3554622
1.53324e-06,-67.9734275
1.53328e-06,-68.0706675
1.53332e-06,-68.2243452
1.53336e-06,-68.1765542
1.5334e-06,-68.3001789
1.53344e-06,-68.031357
1.53348e-06,-67.9623381
1.53352e-06,-67.9017388
1.53356e-06,-67.7736925
1.5336e-06,-68.3245019
1.53364e-06,-67.9612566
1.53368e-06,-68.4958002
1.53372e-06,-67.5644265
1.53376e-06,-68.5716129
1.5338e-06,-67.981419
1.53384e-06,-67.7006022
1.53388e-06,-68.0244004
1.53392e-06,-68.0103551
1.53396e-06,-68.5400599
1.534e-06,-68.0423429
1.53404e-06,-67.8992243
1.53408e-06,-67.9181867
1.53412e-06,-68.1655883
1.53416e-06,-67.8101775
1.5342e-06,-67.9513739
1.53424e-06,-68.3920645
1.53428e-06,-68.1665886
1.53432e-06,-68.1859559
1.53436e-06,-68.44898
1.5344e-06,-68.255549
1.53444e-06,-68.5380053
1.53448e-06,-68.3284126
1.53452e-06,-68.6064709
1.53456e-06,-68.734749
1.5346e-06,-68.0908442
1.53464e-06,-68.2331866
1.53468e-06,-68.2120851
1.53472e-06,-67.9213524
1.53476e-06,-67.9567153
1.5348e-06,-67.9441902
1.53484e-06,-68.289524
1.53488e-06,-68.5494112
1.53492e-06,-68.4083848
1.53496e-06,-68.459971
1.535e-06,-68.3744057
1.53504e-06,-68.8200837
1.53508e-06,-67.8638987
1.53512e-06,-67.8975213
1.53516e-06,-68.1996686
1.5352e-06,-67.9614327
1.53524e-06,-68.1982016
1.53528e-06,-68.2906646
1.53532e-06,-68.434086
1.53536e-06,-67.9207661
1.5354e-06,-68.289966
1.53544e-06,-68.3489723
1.53548e-06,-68.2228198
1.53552e-06,-67.8598783
1.53556e-06,-67.9784934
1.5356e-06,-67.9146138
1.53564e-06,-68.0989029
1.53568e-06,-68.3243928
1.53572e-06,-68.3729561
1.53576e-06,-67.7386324
1.5358e-06,-68.1774989
1.53584e-06,-67.9954936
1.53588e-06,-68.5506569
1.53592e-06,-68.1789312
1.53596e-06,-67.8827214
1.536e-06,-67.8770997
1.53604e-06,-68.8788184
1.53608e-06,-67.8528933
1.53612e-06,-68.0314457
1.53616e-06,-68.5239629
1.5362e-06,-68.0897364
1.53624e-06,-68.2817073
1.53628e-06,-68.5052249
1.53632e-06,-68.3259443
1.53636e-06,-67.9665997
1.5364e-06,-68.1962087
1.53644e-06,-68.0142979
1.53648e-06,-68.0780299
1.53652e-06,-68.6401409
1.53656e-06,-68.1672545
1.5366e-06,-67.5936922
1.53664e-06,-67.8940275
1.53668e-06,-68.388744
1.53672e-06,-67.7952123
1.53676e-06,-68.0960926
1.5368e-06,-68.0822013
1.53684e-06,-68.1256263
1.53688e-06,-68.0544531
1.53692e-06,-68.2040617
1.53696e-06,-68.0296593
1.537e-06,-68.1027486
1.53704e-06,-68.0920167
1.53708e-06,-68.259512
1.53712e-06,-67.9662677
1.53716e-06,-68.0857346
1.5372e-06,-68.0996679
1.53724e-06,-68.1896915
1.53728e-06,-67.7920101
1.53732e-06,-68.2275562
1.53736e-06,-68.4379811
1.5374e-06,-68.326898
1.53744e-06,-67.7544968
1.53748e-06,-67.6329879
1.53752e-06,-68.2602906
1.53756e-06,-68.6518284
1.5376e-06,-67.7512204
1.53764e-06,-68.2809341
1.53768e-06,-68.2708784
1.53772e-06,-68.3955
1.53776e-06,-68.2176576
1.5378e-06,-68.6756626
1.53784e-06,-67.9082533
1.53788e-06,-68.1124029
1.53792e-06,-67.6590192
1.53796e-06,-68.6306575
1.538e-06,-68.0074014
1.53804e-06,-68.0775681
1.53808e-06,-68.3738526
1.53812e-06,-68.55474
1.53816e-06,-68.3639076
1.5382e-06,-67.8921621
1.53824e-06,-68.0027836
1.53828e-06,-68.4180671
1.53832e-06,-67.5752267
1.53836e-06,-68.1776089
1.5384e-06,-68.3377598
1.53844e-06,-67.8754841
1.53848e-06,-68.1258595
1.53852e-06,-68.5156913
1.53856e-06,-68.4756511
1.5386e-06,-67.9586692
1.53864e-06,-67.7288959
1.53868e-06,-68.5009937
1.53872e-06,-68.0688146
1.53876e-06,-67.9254426
1.5388e-06,-67.7911336
1.53884e-06,-68.3570376
1.53888e-06,-68.0351067
1.53892e-06,-68.3912241
1.53896e-06,-67.7594807
1.539e-06,-68.2274451
1.53904e-06,-67.978423
1.53908e-06,-67.804213
1.53912e-06,-67.0353625
1.53916e-06,-67.7460665
1.5392e-06,-67.9013903
1.53924e-06,-67.955631
1.53928e-06,-67.840357
1.53932e-06,-67.8226293
1.53936e-06,-67.8182187
1.5394e-06,-67.6536887
1.53944e-06,-67.9040035
1.53948e-06,-67.7370407
1.53952e-06,-67.3261314
1.53956e-06,-67.4302729
1.5396e-06,-67.8888729
1.53964e-06,-67.2457049
1.53968e-06,-67.6516819
1.53972e-06,-67.9584233
1.53976e-06,-67.5716334
1.5398e-06,-67.6674705
1.53984e-06,-67.821069
1.53988e-06,-67.857034
1.53992e-06,-67.8941676
1.53996e-06,-67.9435592
1.54e-06,-67.6866366
1.54004e-06,-68.2660587
1.54008e-06,-67.5422197
1.54012e-06,-68.5554313
1.54016e-06,-67.8204792
1.5402e-06,-67.7022309
1.54024e-06,-67.4122644
1.54028e-06,-67.5167375
1.54032e-06,-67.796546
1.54036e-06,-67.112447
1.5404e-06,-67.8411025
1.54044e-06,-67.2011781
1.54048e-06,-67.907304
1.54052e-06,-67.5320835
1.54056e-06,-68.1005342
1.5406e-06,-67.7760807
1.54064e-06,-67.214355
1.54068e-06,-68.3376363
1.54072e-06,-67.579881
1.54076e-06,-67.9182725
1.5408e-06,-67.5949789
1.54084e-06,-67.9217404
1.54088e-06,-67.6260151
1.54092e-06,-68.3605105
1.54096e-06,-68.2769059
1.541e-06,-67.4852811
1.54104e-06,-68.1043124
1.54108e-06,-67.828764
1.54112e-06,-68.0336831
1.54116e-06,-67.4653285
1.5412e-06,-67.7046447
1.54124e-06,-67.9786858
1.54128e-06,-68.078983
1.54132e-06,-67.8125575
1.54136e-06,-67.2957226
1.5414e-06,-67.6915765
1.54144e-06,-67.7611357
1.54148e-06,-67.6340472
1.54152e-06,-67.4661367
1.54156e-06,-66.8260009
1.5416e-06,-68.1069783
1.54164e-06,-67.7997424
1.54168e-06,-68.0061192
1.54172e-06,-67.7553721
1.54176e-06,-67.4235884
1.5418e-06,-67.8687199
1.54184e-06,-67.8375781
1.54188e-06,-67.9778165
1.54192e-06,-67.2225384
1.54196e-06,-67.4641992
1.542e-06,-67.9366454
1.54204e-06,-67.4313177
1.54208e-06,-67.6256552
1.54212e-06,-67.3784282
1.54216e-06,-67.8174119
1.5422e-06,-68.0166452
1.54224e-06,-67.6767939
1.54228e-06,-67.5453983
1.54232e-06,-67.4288958
1.54236e-06,-68.2983853
1.5424e-06,-67.6790172
1.54244e-06,-67.5924761
1.54248e-06,-67.4296921
1.54252e-06,-67.7196705
1.54256e-06,-67.6587492
1.5426e-06,-68.1701817
1.54264e-06,-67.6409062
1.54268e-06,-67.4903682
1.54272e-06,-67.8632843
1.54276e-06,-67.879159
1.5428e-06,-67.8111116
1.54284e-06,-67.3415356
1.54288e-06,-67.4043409
1.54292e-06,-67.7758335
1.54296e-06,-67.8152232
1.543e-06,-67.4905498
1.54304e-06,-67.0864744
1.54308e-06,-67.6390244
1.54312e-06,-68.3647226
1.54316e-06,-68.1695441
1.5432e-06,-67.9673158
1.54324e-06,-67.833676
1.54328e-06,-67.3813512
1.54332e-06,-67.8464812
1.54336e-06,-67.5903929
1.5434e-06,-67.2994112
1.54344e-06,-67.4334859
1.54348e-06,-67.5289912
1.54352e-06,-68.1012235
1.54356e-06,-67.4406683
1.5436e-06,-67.7178373
1.54364e-06,-67.9962193
1.54368e-06,-68.2154822
1.54372e-06,-68.0260865
1.54376e-06,-67.7701562
1.5438e-06,-67.6864462
1.54384e-06,-68.3471877
1.54388e-06,-67.4389488
1.54392e-06,-67.4361477
1.54396e-06,-67.6375299
1.544e-06,-67.6057802
1.54404e-06,-67.9854845
1.54408e-06,-67.9331017
1.54412e-06,-67.4971753
1.54416e-06,-68.0312259
1.5442e-06,-68.1178767
1.54424e-06,-67.8190284
1.54428e-06,-68.0792322
1.54432e-06,-67.6647746
1.54436e-06,-67.8821054
1.5444e-06,-67.7453739
1.54444e-06,-67.5123971
1.54448e-06,-67.3279843
1.54452e-06,-67.4146305
1.54456e-06,-67.3464914
1.5446e-06,-67.2633964
1.54464e-06,-67.284543
1.54468e-06,-67.4763707
1.54472e-06,-67.7062628
1.54476e-06,-67.8160104
1.5448e-06,-67.4263574
1.54484e-06,-67.6713637
1.54488e-06,-67.7499452
1.54492e-06,-67.8067911
1.54496e-06,-67.8584366
1.545e-06,-67.337138
1.54504e-06,-67.3169823
1.54508e-06,-67.788497
1.54512e-06,-67.7145041
1.54516e-06,-67.6789674
1.5452e-06,-67.3152323
1.54524e-06,-67.9074955
1.54528e-06,-67.7468523
1.54532e-06,-67.7942676
1.54536e-06,-67.9014827
1.5454e-06,-67.4007619
1.54544e-06,-67.8130658
1.54548e-06,-68.0749339
1.54552e-06,-67.412377
1.54556e-06,-67.8358903
1.5456e-06,-68.0765596
1.54564e-06,-68.2247615
1.54568e-06,-67.941997
1.54572e-06,-68.1237518
1.54576e-06,-67.66046
1.5458e-06,-67.603675
1.54584e-06,-68.7764303
1.54588e-06,-67.6324543
1.54592e-06,-66.9899659
1.54596e-06,-67.6692921
1.546e-06,-67.8453029
1.54604e-06,-67.4229404
1.54608e-06,-67.6102054
1.54612e-06,-67.3063299
1.54616e-06,-67.4429745
1.5462e-06,-68.0347905
1.54624e-06,-67.1430815
1.54628e-06,-66.7915481
1.54632e-06,-67.1216383
1.54636e-06,-67.1212158
1.5464e-06,-66.9406066
1.54644e-06,-66.905162
1.54648e-06,-67.0591256
1.54652e-06,-67.0958995
1.54656e-06,-66.7666723
1.5466e-06,-67.410068
1.54664e-06,-66.9504603
1.54668e-06,-66.8012262
1.54672e-06,-67.1505058
1.54676e-06,-67.1786422
1.5468e-06,-66.3476507
1.54684e-06,-66.7455352
1.54688e-06,-66.7590624
1.54692e-06,-66.606186
1.54696e-06,-66.6500348
1.547e-06,-66.2103318
1.54704e-06,-66.3524961
1.54708e-06,-66.4481568
1.54712e-06,-66.5134362
1.54716e-06,-66.2117365
1.5472e-06,-66.1566639
1.54724e-06,-66.8418244
1.54728e-06,-66.2293164
1.54732e-06,-66.3335924
1.54736e-06,-65.9175567
1.5474e-06,-66.0910345
1.54744e-06,-66.2067335
1.54748e-06,-65.9802882
1.54752e-06,-65.6342481
1.54756e-06,-66.1114228
1.5476e-06,-66.3928273
1.54764e-06,-65.634776
1.54768e-06,-66.0914817
1.54772e-06,-65.92868
1.54776e-06,-66.1563278
1.5478e-06,-66.1857668
1.54784e-06,-66.147198
1.54788e-06,-65.757256
1.54792e-06,-65.9704447
1.54796e-06,-66.1049619
1.548e-06,-66.3053466
1.54804e-06,-66.2205203
1.54808e-06,-65.7920781
1.54812e-06,-66.1722951
1.54816e-06,-66.1669996
1.5482e-06,-66.4087665
1.54824e-06,-65.8716204
1.54828e-06,-65.9434697
1.54832e-06,-66.2751858
1.54836e-06,-66.1920918
1.5484e-06,-66.0277598
1.54844e-06,-66.0422764
1.54848e-06,-66.3487938
1.54852e-06,-66.7919341
1.54856e-06,-66.2093695
1.5486e-06,-66.1446243
1.54864e-06,-66.2182613
1.54868e-06,-66.133154
1.54872e-06,-66.3414456
1.54876e-06,-65.5865901
1.5488e-06,-65.9470077
1.54884e-06,-65.7208957
1.54888e-06,-65.6014502
1.54892e-06,-65.3261164
1.54896e-06,-64.9686689
1.549e-06,-64.9838726
1.54904e-06,-64.6834411
1.54908e-06,-64.1043926
1.54912e-06,-63.2720218
1.54916e-06,-62.735693
1.5492e-06,-61.6689552
1.54924e-06,-59.5388798
1.54928e-06,-57.3092395
1.54932e-06,-55.183905
1.54936e-06,-52.1116214
1.5494e-06,-45.8886914
1.54944e-06,-39.5791375
1.54948e-06,-31.9215526
1.54952e-06,-26.5155798
1.54956e-06,-17.2130849
1.5496e-06,-4.07060012
1.54964e-06,-3.39115643
1.54968e-06,-4.12913593
1.54972e-06,-18.9261849
1.54976e-06,-28.0651254
1.5498e-06,-33.9028801
1.54984e-06,-38.1697217
1.54988e-06,-43.4991275
1.54992e-06,-50.4966054
1.54996e-06,-57.7553223
1.55e-06,-59.6369869
1.55004e-06,-62.3979104
1.55008e-06,-63.1959049
1.55012e-06,-63.5970313
1.55016e-06,-64.2312015
1.5502e-06,-64.769008
1.55024e-06,-65.1071024
1.55028e-06,-65.3930127
1.55032e-06,-65.3363044
1.55036e-06,-65.7083569
1.5504e-06,-65.9045377
1.55044e-06,-65.6729247
1.55048e-06,-66.0291064
1.55052e-06,-65.7918129
1.55056e-06,-66.2576354
1.5506e-06,-66.1355738
1.55064e-06,-66.2890009
1.55068e-06,-66.3752822
1.55072e-06,-66.217093
1.55076e-06,-65.9771157
1.5508e-06,-65.8818291
1.55084e-06,-66.2842552
1.55088e-06,-65.5383912
1.55092e-06,-66.033158
1.55096e-06,-66.2548299
1.551e-06,-66.1291773
1.55104e-06,-66.2097363
1.55108e-06,-65.8130811
1.55112e-06,-66.4295106
1.55116e-06,-66.6561922
1.5512e-06,-66.5781959
1.55124e-06,-66.4255983
1.55128e-06,-66.3090823
1.55132e-06,-66.2749465
1.55136e-06,-66.292729
1.5514e-06,-66.511735
1.55144e-06,-66.1046127
1.55148e-06,-66.1938187
1.55152e-06,-66.7029054
1.55156e-06,-66.1376361
1.5516e-06,-66.0718496
1.55164e-06,-66.609367
1.55168e-06,-66.2627138
1.55172e-06,-66.600975
1.55176e-06,-66.9242944
1.5518e-06,-66.2692259
1.55184e-06,-66.7483009
1.55188e-06,-66.3754363
1.55192e-06,-66.4335062
1.55196e-06,-66.2871876
1.552e-06,-66.7770097
1.55204e-06,-66.1566766
1.55208e-06,-66.4273793
1.55212e-06,-66.6207727
1.55216e-06,-66.1205764
1.5522e-06,-66.5385241
1.55224e-06,-66.5036841
1.55228e-06,-66.3485979
1.55232e-06,-66.6765239
1.55236e-06,-66.7179488
1.5524e-06,-66.5203645
1.55244e-06,-67.1209371
1.55248e-06,-66.4979917
1.55252e-06,-66.666997
1.55256e-06,-66.4906765
1.5526e-06,-66.8444541
1.55264e-06,-66.9712743
1.55268e-06,-66.3188923
1.55272e-06,-66.8362543
1.55276e-06,-66.8365051
1.5528e-06,-66.8266929
1.55284e-06,-66.9573559
1.55288e-06,-66.6747682
1.55292e-06,-67.3895099
1.55296e-06,-67.4848167
1.553e-06,-67.4638148
1.55304e-06,-67.3906878
1.55308e-06,-67.4767203
1.55312e-06,-67.3664124
1.55316e-06,-67.5137741
1.5532e-06,-67.684407
1.55324e-06,-67.1920599
1.55328e-06,-67.8676813
1.55332e-06,-67.8642523
1.55336e-06,-67.9185106
1.5534e-06,-67.5994863
1.55344e-06,-67.607224
1.55348e-06,-67.843028
1.55352e-06,-67.7870784
1.55356e-06,-68.0182513
1.5536e-06,-67.9654142
1.55364e-06,-67.9414099
1.55368e-06,-68.1070805
1.55372e-06,-67.9174498
1.55376e-06,-67.6802645
1.5538e-06,-67.8949528
1.55384e-06,-68.0167948
1.55388e-06,-68.2070455
1.55392e-06,-67.9696261
1.55396e-06,-67.5567306
1.554e-06,-68.2286907
1.55404e-06,-67.8249515
1.55408e-06,-68.5031116
1.55412e-06,-67.8570965
1.55416e-06,-67.7182563
1.5542e-06,-68.0463952
1.55424e-06,-68.3450062
1.55428e-06,-67.6716264
1.55432e-06,-67.480187
1.55436e-06,-67.7121709
1.5544e-06,-68.3216993
1.55444e-06,-67.5552742
1.55448e-06,-67.688471
1.55452e-06,-67.8906091
1.55456e-06,-67.8479211
1.5546e-06,-68.1234477
1.55464e-06,-67.7915938
1.55468e-06,-67.5794502
1.55472e-06,-67.8773662
1.55476e-06,-67.8859988
1.5548e-06,-67.6046864
1.55484e-06,-68.0671602
1.55488e-06,-67.5319899
1.55492e-06,-68.3474308
1.55496e-06,-67.8581093
1.555e-06,-67.6701425
1.55504e-06,-67.5901343
1.55508e-06,-67.8116487
1.55512e-06,-68.0958686
1.55516e-06,-67.6642087
1.5552e-06,-67.6558172
1.55524e-06,-67.5848516
1.55528e-06,-68.1139702
1.55532e-06,-67.6072243
1.55536e-06,-67.7943643
1.5554e-06,-67.4300239
1.55544e-06,-68.0351425
1.55548e-06,-68.4390599
1.55552e-06,-67.816312
1.55556e-06,-67.7870421
1.5556e-06,-67.7150644
1.55564e-06,-67.8328112
1.55568e-06,-68.6127066
1.55572e-06,-67.8567385
1.55576e-06,-67.1894176
1.5558e-06,-68.2131143
1.55584e-06,-68.1961992
1.55588e-06,-67.9573643
1.55592e-06,-67.5023641
1.55596e-06,-68.2113408
1.556e-06,-67.5533509
1.55604e-06,-67.8837335
1.55608e-06,-67.6932991
1.55612e-06,-67.5865335
1.55616e-06,-67.8759654
1.5562e-06,-67.9240332
1.55624e-06,-67.5760949
1.55628e-06,-67.7458995
1.55632e-06,-67.9513758
1.55636e-06,-67.8178516
1.5564e-06,-68.0154118
1.55644e-06,-67.8170473
1.55648e-06,-67.5613149
1.55652e-06,-67.7096638
1.55656e-06,-67.8491313
1.5566e-06,-67.6782563
1.55664e-06,-68.1554109
1.55668e-06,-67.7809436
1.55672e-06,-68.087925
1.55676e-06,-67.891705
1.5568e-06,-68.2378631
1.55684e-06,-67.4302541
1.55688e-06,-67.7417786
1.55692e-06,-68.4113304
1.55696e-06,-68.1082313
1.557e-06,-67.8712644
1.55704e-06,-67.9872253
1.55708e-06,-68.0063102
1.55712e-06,-67.9775252
1.55716e-06,-67.5542963
1.5572e-06,-67.7106197
1.55724e-06,-67.7960227
1.55728e-06,-68.1655642
1.55732e-06,-67.2922715
1.55736e-06,-67.6065588
1.5574e-06,-67.7854247
1.55744e-06,-67.7207716
1.55748e-06,-68.1044849
1.55752e-06,-67.7311716
1.55756e-06,-68.2351147
1.5576e-06,-68.1580578
1.55764e-06,-68.2123859
1.55768e-06,-67.9391933
1.55772e-06,-67.4565177
1.55776e-06,-67.8957382
1.5578e-06,-68.3347783
1.55784e-06,-67.4102154
1.55788e-06,-67.9056158
1.55792e-06,-67.3995192
1.55796e-06,-67.9654496
1.558e-06,-67.8286992
1.55804e-06,-68.0592575
1.55808e-06,-67.5662672
1.55812e-06,-67.9974697
1.55816e-06,-67.9332128
1.5582e-06,-67.8106669
1.55824e-06,-67.7655191
1.55828e-06,-67.6626462
1.55832e-06,-67.5354153
1.55836e-06,-68.2023023
1.5584e-06,-67.602098
1.55844e-06,-67.749505
1.55848e-06,-68.4631709
1.55852e-06,-68.3846769
1.55856e-06,-67.9325196
1.5586e-06,-67.9978097
1.55864e-06,-68.3006043
1.55868e-06,-67.8326238
1.55872e-06,-68.4720253
1.55876e-06,-68.1424996
1.5588e-06,-67.8778001
1.55884e-06,-67.8750885
1.55888e-06,-67.8325779
1.55892e-06,-68.2647432
1.55896e-06,-67.7945972
1.559e-06,-67.8005327
1.55904e-06,-68.4459474
1.55908e-06,-67.9657185
1.55912e-06,-67.9209754
1.55916e-06,-67.8762197
1.5592e-06,-68.0477453
1.55924e-06,-68.010968
1.55928e-06,-67.9201745
1.55932e-06,-66.9583489
1.55936e-06,-67.561261
1.5594e-06,-68.2139983
1.55944e-06,-68.1285876
1.55948e-06,-67.5500803
1.55952e-06,-67.8770113
1.55956e-06,-67.8391564
1.5596e-06,-67.6589579
1.55964e-06,-67.379225
1.55968e-06,-67.3536003
1.55972e-06,-67.7309027
1.55976e-06,-68.199465
1.5598e-06,-68.0365983
1.55984e-06,-67.4305633
1.55988e-06,-68.0804223
1.55992e-06,-68.0037766
1.55996e-06,-67.722105
1.56e-06,-67.3848666
1.56004e-06,-67.4512134
1.56008e-06,-68.0239673
1.56012e-06,-67.732441
1.56016e-06,-67.8771253
1.5602e-06,-67.6082777
1.56024e-06,-68.8228385
1.56028e-06,-68.0673
1.56032e-06,-67.9223303
1.56036e-06,-67.7368374
1.5604e-06,-67.8114768
1.56044e-06,-68.0894681
1.56048e-06,-67.9725248
1.56052e-06,-67.6554241
1.56056e-06,-68.1390667
1.5606e-06,-68.0304067
1.56064e-06,-68.4849909
1.56068e-06,-68.1592948
1.56072e-06,-67.6683273
1.56076e-06,-67.6501951
1.5608e-06,-68.0007129
1.56084e-06,-67.5840466
1.56088e-06,-67.8651853
1.56092e-06,-67.9245131
1.56096e-06,-68.3259116
1.561e-06,-68.0142822
1.56104e-06,-67.3612595
1.56108e-06,-67.742957
1.56112e-06,-68.1213937
1.56116e-06,-67.7302314
1.5612e-06,-68.252954
1.56124e-06,-67.6541954
1.56128e-06,-68.1547597
1.56132e-06,-68.7141548
1.56136e-06,-68.3297554
1.5614e-06,-68.0133504
1.56144e-06,-68.2286514
1.56148e-06,-68.3177259
1.56152e-06,-68.7050842
1.56156e-06,-68.1777244
1.5616e-06,-67.7613902
1.56164e-06,-68.275853
1.56168e-06,-68.0184362
1.56172e-06,-68.0691231
1.56176e-06,-67.6736123
1.5618e-06,-67.7612857
1.56184e-06,-68.0180157
1.56188e-06,-67.5382113
1.56192e-06,-67.9368087
1.56196e-06,-68.0934685
1.562e-06,-67.9798636
1.56204e-06,-68.1080532
1.56208e-06,-68.2010399
1.56212e-06,-67.9653197
1.56216e-06,-67.7307571
1.5622e-06,-68.7182678
1.56224e-06,-67.5909304
1.56228e-06,-67.7175726
1.56232e-06,-68.0693124
1.56236e-06,-68.0634453
1.5624e-06,-67.8167
1.56244e-06,-68.4122823
1.56248e-06,-67.4632613
1.56252e-06,-68.5122014
1.56256e-06,-68.2235143
1.5626e-06,-68.1417963
1.56264e-06,-67.5069905
1.56268e-06,-68.6464904
1.56272e-06,-68.3067102
1.56276e-06,-68.2868519
1.5628e-06,-68.1549481
1.56284e-06,-67.9266341
1.56288e-06,-68.1403477
1.56292e-06,-68.4037386
1.56296e-06,-68.439689
1.563e-06,-67.8214806
1.56304e-06,-68.112991
1.56308e-06,-67.6485569
1.56312e-06,-67.9426444
1.56316e-06,-68.1805162
1.5632e-06,-68.549588
1.56324e-06,-68.1663716
1.56328e-06,-67.9648547
1.56332e-06,-67.8971436
1.56336e-06,-68.1503336
1.5634e-06,-68.5969364
1.56344e-06,-67.8301056
1.56348e-06,-68.2228517
1.56352e-06,-67.5599098
1.56356e-06,-68.7466529
1.5636e-06,-67.7398773
1.56364e-06,-67.3152525
1.56368e-06,-68.6991086
1.56372e-06,-68.0930663
1.56376e-06,-68.270769
1.5638e-06,-67.7988135
1.56384e-06,-67.9623503
1.56388e-06,-68.1164221
1.56392e-06,-67.6479242
1.56396e-06,-68.1512017
1.564e-06,-67.5779117
1.56404e-06,-67.9982262
1.56408e-06,-67.6391174
1.56412e-06,-67.8931384
1.56416e-06,-68.1348566
1.5642e-06,-68.0444263
1.56424e-06,-67.5960863
1.56428e-06,-68.0709714
1.56432e-06,-67.8538442
1.56436e-06,-68.0513653
1.5644e-06,-68.1375105
1.56444e-06,-68.3059694
1.56448e-06,-68.2087392
1.56452e-06,-67.8356768
1.56456e-06,-67.5191059
1.5646e-06,-68.842452
1.56464e-06,-67.7316357
1.56468e-06,-67.8569579
1.56472e-06,-67.9622445
1.56476e-06,-67.7558435
1.5648e-06,-67.9764995
1.56484e-06,-68.4030548
1.56488e-06,-67.9385064
1.56492e-06,-67.766176
1.56496e-06,-68.2510741
1.565e-06,-67.8712787
1.56504e-06,-68.0633054
1.56508e-06,-67.867741
1.56512e-06,-68.7470479
1.56516e-06,-67.8724567
1.5652e-06,-67.6854702
1.56524e-06,-67.6636868
1.56528e-06,-68.1629143
1.56532e-06,-67.7529284
1.56536e-06,-68.2092811
1.5654e-06,-67.7269182
1.56544e-06,-68.3188336
1.56548e-06,-68.0359171
1.56552e-06,-68.4169241
1.56556e-06,-68.1346248
1.5656e-06,-68.2693699
1.56564e-06,-67.8020277
1.56568e-06,-68.3822781
1.56572e-06,-68.3381942
1.56576e-06,-68.5020394
1.5658e-06,-68.4120237
1.56584e-06,-68.6351428
1.56588e-06,-68.4857965
1.56592e-06,-68.23929
1.56596e-06,-68.3490174
1.566e-06,-68.4478635
1.56604e-06,-68.3333326
1.56608e-06,-67.9158611
1.56612e-06,-67.9899389
1.56616e-06,-68.5124232
1.5662e-06,-68.1968498
1.56624e-06,-68.7444329
1.56628e-06,-68.1913681
1.56632e-06,-68.5031629
1.56636e-06,-68.2383394
1.5664e-06,-68.5306894
1.56644e-06,-68.7347751
1.56648e-06,-68.4234591
1.56652e-06,-68.9350907
1.56656e-06,-69.0161944
1.5666e-06,-67.7042984
1.56664e-06,-69.0153517
1.56668e-06,-68.9188529
1.56672e-06,-68.2440609
1.56676e-06,-67.7494589
1.5668e-06,-68.859235
1.56684e-06,-67.6765401
1.56688e-06,-68.545434
1.56692e-06,-68.7493334
1.56696e-06,-67.8389622
1.567e-06,-68.1211569
1.56704e-06,-68.5035012
1.56708e-06,-68.0297581
1.56712e-06,-68.6876315
1.56716e-06,-68.9851659
1.5672e-06,-68.6572706
1.56724e-06,-69.0393593
1.56728e-06,-68.4692657
1.56732e-06,-67.968363
1.56736e-06,-68.2272292
1.5674e-06,-68.6905269
1.56744e-06,-68.4347688
1.56748e-06,-68.7166935
1.56752e-06,-68.3002774
1.56756e-06,-68.3627576
1.5676e-06,-67.9909296
1.56764e-06,-68.4431961
1.56768e-06,-68.9896166
1.56772e-06,-68.5038399
1.56776e-06,-68.8263859
1.5678e-06,-68.5379247
1.56784e-06,-68.7598162
1.56788e-06,-68.7136314
1.56792e-06,-69.0449725
1.56796e-06,-69.0687541
1.568e-06,-68.4733567
1.56804e-06,-68.8487478
1.56808e-06,-69.0280619
1.56812e-06,-68.3415852
1.56816e-06,-68.7493708
1.5682e-06,-68.3195449
1.56824e-06,-68.6442251
1.56828e-06,-68.5953306
1.56832e-06,-68.4355248
1.56836e-06,-67.7225424
1.5684e-06,-68.7643511
1.56844e-06,-68.7141493
1.56848e-06,-68.8303892
1.56852e-06,-68.2763444
1.56856e-06,-69.025425
1.5686e-06,-68.7040255
1.56864e-06,-68.9070466
1.56868e-06,-68.6033722
1.56872e-06,-68.4791381
1.56876e-06,-68.7378777
1.5688e-06,-68.7440263
1.56884e-06,-68.4780256
1.56888e-06,-68.6040607
1.56892e-06,-68.5855348
1.56896e-06,-68.8842748
1.569e-06,-68.3396965
1.56904e-06,-68.8161379
1.56908e-06,-68.6532237
1.56912e-06,-68.8149342
1.56916e-06,-68.8407474
1.5692e-06,-68.3254167
1.56924e-06,-68.6916944
1.56928e-06,-68.6665226
1.56932e-06,-68.3241272
1.56936e-06,-69.1182119
1.5694e-06,-68.6113348
1.56944e-06,-68.6493604
1.56948e-06,-68.6314206
1.56952e-06,-68.8806579
1.56956e-06,-68.1384773
1.5696e-06,-68.0167582
1.56964e-06,-68.7836325
1.56968e-06,-68.7246582
1.56972e-06,-68.3358328
1.56976e-06,-68.2804069
1.5698e-06,-68.8048162
1.56984e-06,-69.4755075
1.56988e-06,-68.8205816
1.56992e-06,-68.9361445
1.56996e-06,-68.389734
1.57e-06,-69.2775227
1.57004e-06,-68.2129269
1.57008e-06,-68.5186288
1.57012e-06,-68.2872141
1.57016e-06,-68.2257204
1.5702e-06,-68.5804177
1.57024e-06,-68.1444593
1.57028e-06,-68.7373892
1.57032e-06,-68.1285544
1.57036e-06,-68.946331
1.5704e-06,-68.1739736
1.57044e-06,-68.1347484
1.57048e-06,-68.2993633
1.57052e-06,-68.6806616
1.57056e-06,-68.0131587
1.5706e-06,-68.3460691
1.57064e-06,-68.7313108
1.57068e-06,-68.3454218
1.57072e-06,-68.6597012
1.57076e-06,-68.3811056
1.5708e-06,-68.8637948
1.57084e-06,-68.7722363
1.57088e-06,-68.5611041
1.57092e-06,-67.8814429
1.57096e-06,-68.6777648
1.571e-06,-68.3348026
1.57104e-06,-68.2046092
1.57108e-06,-68.8403117
1.57112e-06,-68.7314417
1.57116e-06,-68.3565969
1.5712e-06,-68.0589828
1.57124e-06,-68.8874716
1.57128e-06,-68.281133
1.57132e-06,-68.1077477
1.57136e-06,-68.4492241
1.5714e-06,-68.5646541
1.57144e-06,-68.3759811
1.57148e-06,-68.5485913
1.57152e-06,-68.5655425
1.57156e-06,-67.7238174
1.5716e-06,-68.9139612
1.57164e-06,-68.3146188
1.57168e-06,-69.0575198
1.57172e-06,-68.171238
1.57176e-06,-68.6989943
1.5718e-06,-68.3327161
1.57184e-06,-68.1744804
1.57188e-06,-68.7076927
1.57192e-06,-68.4899116
1.57196e-06,-68.2429744
1.572e-06,-68.7011685
1.57204e-06,-67.787906
1.57208e-06,-68.164087
1.57212e-06,-68.4524022
1.57216e-06,-68.3943648
1.5722e-06,-68.2947192
1.57224e-06,-67.8114787
1.57228e-06,-68.8568409
1.57232e-06,-68.4839313
1.57236e-06,-68.1037694
1.5724e-06,-68.4230075
1.57244e-06,-69.0534375
1.57248e-06,-68.4647714
1.57252e-06,-68.5465296
1.57256e-06,-68.3302268
1.5726e-06,-68.5501942
1.57264e-06,-68.8772402
1.57268e-06,-68.5030336
1.57272e-06,-68.4915694
1.57276e-06,-68.4585673
1.5728e-06,-68.5561957
1.57284e-06,-68.1034796
1.57288e-06,-68.938438
1.57292e-06,-68.3914809
1.57296e-06,-68.6155779
1.573e-06,-68.3862994
1.57304e-06,-68.2989171
1.57308e-06,-68.2335762
1.57312e-06,-69.0003208
1.57316e-06,-68.6189955
1.5732e-06,-68.9441942
1.57324e-06,-68.3624906
1.57328e-06,-68.8588158
1.57332e-06,-68.8299094
1.57336e-06,-68.4356013
1.5734e-06,-68.6362404
1.57344e-06,-68.2836449
1.57348e-06,-68.6532013
1.57352e-06,-68.4136363
1.57356e-06,-68.964495
1.5736e-06,-68.6471544
1.57364e-06,-68.8315201
1.57368e-06,-68.229403
1.57372e-06,-68.7224871
1.57376e-06,-68.0600538
1.5738e-06,-68.2962687
1.57384e-06,-68.654114
1.57388e-06,-68.2453124
1.57392e-06,-68.3037946
1.57396e-06,-68.6279845
1.574e-06,-68.6624121
1.57404e-06,-68.5249099
1.57408e-06,-68.6900817
1.57412e-06,-68.6745269
1.57416e-06,-68.2270336
1.5742e-06,-68.6026616
1.57424e-06,-68.4135535
1.57428e-06,-68.129856
1.57432e-06,-68.192462
1.57436e-06,-68.3166717
1.5744e-06,-68.091501
1.57444e-06,-68.8350444
1.57448e-06,-68.1600257
1.57452e-06,-69.2486047
1.57456e-06,-68.3599805
1.5746e-06,-68.4210047
1.57464e-06,-68.450462
1.57468e-06,-68.7909628
1.57472e-06,-68.9320099
1.57476e-06,-68.9048101
1.5748e-06,-68.596067
1.57484e-06,-69.4858799
1.57488e-06,-68.235255
1.57492e-06,-68.8456621
1.57496e-06,-68.0679275
1.575e-06,-68.5345249
1.57504e-06,-68.7897814
1.57508e-06,-68.4392386
1.57512e-06,-68.5483349
1.57516e-06,-67.9087743
1.5752e-06,-69.1988351
1.57524e-06,-68.3695693
1.57528e-06,-68.6370463
1.57532e-06,-68.8779412
1.57536e-06,-69.0273717
1.5754e-06,-69.0065268
1.57544e-06,-68.3150576
1.57548e-06,-68.6796089
1.57552e-06,-69.0196121
1.57556e-06,-68.1651492
1.5756e-06,-68.2789375
1.57564e-06,-67.9990736
1.57568e-06,-68.5846787
1.57572e-06,-68.3010782
1.57576e-06,-68.0883717
1.5758e-06,-68.0318356
1.57584e-06,-68.8930437
1.57588e-06,-68.6608725
1.57592e-06,-68.3548252
1.57596e-06,-68.9211751
1.576e-06,-68.1072579
1.57604e-06,-68.5536473
1.57608e-06,-68.4700996
1.57612e-06,-68.5082534
1.57616e-06,-68.3518859
1.5762e-06,-68.3935825
1.57624e-06,-68.4674298
1.57628e-06,-68.6568564
1.57632e-06,-68.4244057
1.57636e-06,-68.2966296
1.5764e-06,-68.606962
1.57644e-06,-68.3248009
1.57648e-06,-68.2997294
1.57652e-06,-68.9526699
1.57656e-06,-68.7568356
1.5766e-06,-67.8637182
1.57664e-06,-68.4217967
1.57668e-06,-69.0425908
1.57672e-06,-68.205912
1.57676e-06,-68.4536177
1.5768e-06,-68.4810534
1.57684e-06,-68.2946265
1.57688e-06,-68.5949641
1.57692e-06,-68.840383
1.57696e-06,-68.2782496
1.577e-06,-68.4724617
1.57704e-06,-68.3082495
1.57708e-06,-68.5974083
1.57712e-06,-68.647782
1.57716e-06,-68.3040569
1.5772e-06,-69.3418722
1.57724e-06,-68.249572
1.57728e-06,-68.6708563
1.57732e-06,-68.7571477
1.57736e-06,-68.8427384
1.5774e-06,-69.0848523
1.57744e-06,-68.3806356
1.57748e-06,-68.7706024
1.57752e-06,-68.3541771
1.57756e-06,-68.6819935
1.5776e-06,-68.8751993
1.57764e-06,-69.0203449
1.57768e-06,-69.4363434
1.57772e-06,-68.5491312
1.57776e-06,-69.1706166
1.5778e-06,-68.5441082
1.57784e-06,-69.7447416
1.57788e-06,-68.3006495
1.57792e-06,-68.7120488
1.57796e-06,-69.0788114
1.578e-06,-68.8964952
1.57804e-06,-68.3961514
1.57808e-06,-68.430075
1.57812e-06,-68.4696671
1.57816e-06,-68.5602275
1.5782e-06,-68.9916351
1.57824e-06,-68.8617259
1.57828e-06,-68.6659374
1.57832e-06,-68.6156009
1.57836e-06,-68.3580287
1.5784e-06,-68.7960493
1.57844e-06,-68.0977889
1.57848e-06,-68.6397899
1.57852e-06,-68.8073829
1.57856e-06,-68.5911886
1.5786e-06,-68.8515118
1.57864e-06,-68.938213
1.57868e-06,-68.9229061
1.57872e-06,-68.8575099
1.57876e-06,-68.7329917
1.5788e-06,-68.6851882
1.57884e-06,-68.6009652
1.57888e-06,-68.4839451
1.57892e-06,-68.2366058
1.57896e-06,-68.2716483
1.579e-06,-68.4588817
1.57904e-06,-68.9286851
1.57908e-06,-68.8416163
1.57912e-06,-68.9416925
1.57916e-06,-68.3321905
1.5792e-06,-68.1450876
1.57924e-06,-68.4945866
1.57928e-06,-68.5030534
1.57932e-06,-68.1923724
1.57936e-06,-69.0987716
1.5794e-06,-68.4118369
1.57944e-06,-68.3988534
1.57948e-06,-68.7875814
1.57952e-06,-68.6691477
1.57956e-06,-68.4053608
1.5796e-06,-68.6218038
1.57964e-06,-68.6233255
1.57968e-06,-68.7704627
1.57972e-06,-68.6059656
1.57976e-06,-68.4600557
1.5798e-06,-68.8762534
1.57984e-06,-68.7916032
1.57988e-06,-68.993151
1.57992e-06,-68.1338983
1.57996e-06,-67.9790091
1.58e-06,-67.9966752
1.58004e-06,-69.0788442
1.58008e-06,-68.4519928
1.58012e-06,-68.6154247
1.58016e-06,-68.4448582
1.5802e-06,-68.4670353
1.58024e-06,-68.3363816
1.58028e-06,-68.7842639
1.58032e-06,-67.8172564
1.58036e-06,-68.1522763
1.5804e-06,-68.7562001
1.58044e-06,-68.5137648
1.58048e-06,-68.6974036
1.58052e-06,-68.575712
1.58056e-06,-68.8755885
1.5806e-06,-68.9119757
1.58064e-06,-68.4560557
1.58068e-06,-69.0014736
1.58072e-06,-68.3024728
1.58076e-06,-68.7856706
1.5808e-06,-68.1271063
1.58084e-06,-68.994625
1.58088e-06,-68.6682116
1.58092e-06,-68.6572824
1.58096e-06,-68.1849313
1.581e-06,-68.2983972
1.58104e-06,-68.5980762
1.58108e-06,-68.8763282
1.58112e-06,-68.2431449
1.58116e-06,-68.7339746
1.5812e-06,-69.125163
1.58124e-06,-68.4691105
1.58128e-06,-68.2330231
1.58132e-06,-68.9677933
1.58136e-06,-68.6092163
1.5814e-06,-68.7643988
1.58144e-06,-68.5144389
1.58148e-06,-68.2329961
1.58152e-06,-68.7236363
1.58156e-06,-68.8848019
1.5816e-06,-68.5907415
1.58164e-06,-68.0011209
1.58168e-06,-69.3355088
1.58172e-06,-68.5585374
1.58176e-06,-68.7723232
1.5818e-06,-68.60721
1.58184e-06,-68.3022491
1.58188e-06,-68.5472073
1.58192e-06,-69.1425261
1.58196e-06,-69.0992503
1.582e-06,-68.5492869
1.58204e-06,-68.7205387
1.58208e-06,-68.711714
1.58212e-06,-69.0261356
1.58216e-06,-69.3735431
1.5822e-06,-68.7782501
1.58224e-06,-68.8178177
1.58228e-06,-68.6229242
1.58232e-06,-68.7407286
1.58236e-06,-68.5288662
1.5824e-06,-68.7183682
1.58244e-06,-68.5034892
1.58248e-06,-68.9968946
1.58252e-06,-68.7673706
1.58256e-06,-68.0927812
1.5826e-06,-69.3220463
1.58264e-06,-68.0947375
1.58268e-06,-68.8071805
1.58272e-06,-68.6840842
1.58276e-06,-68.9427359
1.5828e-06,-68.0586822
1.58284e-06,-68.231424
1.58288e-06,-68.2604213
1.58292e-06,-68.533975
1.58296e-06,-68.5016047
1.583e-06,-68.6171046
1.58304e-06,-68.471008
1.58308e-06,-68.4658965
1.58312e-06,-68.3324283
1.58316e-06,-68.4811102
1.5832e-06,-69.4458576
1.58324e-06,-68.6405798
1.58328e-06,-69.2073669
1.58332e-06,-68.8433899
1.58336e-06,-68.8873439
1.5834e-06,-68.5621053
1.58344e-06,-68.763602
1.58348e-06,-68.7774584
1.58352e-06,-68.6679885
1.58356e-06,-68.4699124
1.5836e-06,-68.9334471
1.58364e-06,-68.9707158
1.58368e-06,-68.6610464
1.58372e-06,-68.9479334
1.58376e-06,-68.4409266
1.5838e-06,-68.9499165
1.58384e-06,-68.2843608
1.58388e-06,-68.8129792
1.58392e-06,-68.4226512
1.58396e-06,-68.831923
1.584e-06,-68.7439958
1.58404e-06,-68.3608042
1.58408e-06,-68.7556467
1.58412e-06,-69.5226935
1.58416e-06,-68.895688
1.5842e-06,-68.791544
1.58424e-06,-68.641917
1.58428e-06,-69.0093777
1.58432e-06,-68.8221127
1.58436e-06,-68.7832879
1.5844e-06,-68.3891981
1.58444e-06,-68.5705694
1.58448e-06,-68.7264984
1.58452e-06,-69.2475113
1.58456e-06,-68.8413502
1.5846e-06,-69.1854281
1.58464e-06,-68.7060429
1.58468e-06,-69.794711
1.58472e-06,-68.6543326
1.58476e-06,-68.8958189
1.5848e-06,-68.5659097
1.58484e-06,-68.5187376
1.58488e-06,-68.7393002
1.58492e-06,-69.2340348
1.58496e-06,-68.5716294
1.585e-06,-69.3086445
1.58504e-06,-68.9606702
1.58508e-06,-68.5809145
1.58512e-06,-68.6570505
1.58516e-06,-68.8138236
1.5852e-06,-68.3589904
1.58524e-06,-68.4650848
1.58528e-06,-68.6866496
1.58532e-06,-69.2255737
1.58536e-06,-68.3684915
1.5854e-06,-68.1364176
1.58544e-06,-68.6309782
1.58548e-06,-68.585415
1.58552e-06,-68.7487928
1.58556e-06,-68.4110757
1.5856e-06,-68.855266
1.58564e-06,-69.137057
1.58568e-06,-69.3371513
1.58572e-06,-68.6354399
1.58576e-06,-68.200347
1.5858e-06,-68.2883304
1.58584e-06,-68.5966464
1.58588e-06,-68.9517299
1.58592e-06,-68.3945693
1.58596e-06,-68.8138078
1.586e-06,-68.5820377
1.58604e-06,-68.7206038
1.58608e-06,-68.4844735
1.58612e-06,-68.7351085
1.58616e-06,-68.9192734
1.5862e-06,-68.6445159
1.58624e-06,-68.8410766
1.58628e-06,-68.4246211
1.58632e-06,-69.6014331
1.58636e-06,-68.8414421
1.5864e-06,-68.2268255
1.58644e-06,-68.0143872
1.58648e-06,-68.5651148
1.58652e-06,-68.8230239
1.58656e-06,-68.8201662
1.5866e-06,-68.1959624
1.58664e-06,-68.565524
1.58668e-06,-68.762894
1.58672e-06,-68.8210081
1.58676e-06,-68.5149549
1.5868e-06,-69.4285147
1.58684e-06,-69.4732526
1.58688e-06,-68.9208133
1.58692e-06,-68.5833737
1.58696e-06,-68.8798278
1.587e-06,-69.4154822
1.58704e-06,-68.9869384
1.58708e-06,-68.0765045
1.58712e-06,-68.9751874
1.58716e-06,-68.9426524
1.5872e-06,-68.4282543
1.58724e-06,-68.9185785
1.58728e-06,-68.3596417
1.58732e-06,-68.8173481
1.58736e-06,-69.0654221
1.5874e-06,-68.7409796
1.58744e-06,-69.0216559
1.58748e-06,-69.044035
1.58752e-06,-69.2645991
1.58756e-06,-69.2118366
1.5876e-06,-68.9889552
1.58764e-06,-68.6225752
1.58768e-06,-68.7151341
1.58772e-06,-68.8766535
1.58776e-06,-68.7051596
1.5878e-06,-68.6027424
1.58784e-06,-69.5754248
1.58788e-06,-69.1025359
1.58792e-06,-68.5919962
1.58796e-06,-68.4197483
1.588e-06,-68.5954073
1.58804e-06,-68.5490044
1.58808e-06,-69.1504266
1.58812e-06,-68.8721911
1.58816e-06,-69.1769069
1.5882e-06,-68.7988902
1.58824e-06,-68.5293977
1.58828e-06,-68.6644516
1.58832e-06,-69.5287621
1.58836e-06,-68.8963969
1.5884e-06,-69.3463278
1.58844e-06,-68.4756981
1.58848e-06,-68.8972424
1.58852e-06,-68.4319041
1.58856e-06,-68.8186578
1.5886e-06,-68.4400969
1.58864e-06,-68.803765
1.58868e-06,-68.5649068
1.58872e-06,-68.5145731
1.58876e-06,-68.1512837
1.5888e-06,-69.0115518
1.58884e-06,-68.7125177
1.58888e-06,-68.8572391
1.58892e-06,-68.6107541
1.58896e-06,-69.2517365
1.589e-06,-68.4546943
1.58904e-06,-68.5235674
1.58908e-06,-68.3344259
1.58912e-06,-68.5882849
1.58916e-06,-68.8967589
1.5892e-06,-68.6473325
1.58924e-06,-68.5807803
1.58928e-06,-68.6681013
1.58932e-06,-68.8059334
1.58936e-06,-68.7718243
1.5894e-06,-68.4204668
1.58944e-06,-68.7776228
1.58948e-06,-68.0926302
1.58952e-06,-68.8794553
1.58956e-06,-68.5010928
1.5896e-06,-69.1217844
1.58964e-06,-68.7146971
1.58968e-06,-69.029872
1.58972e-06,-68.9341162
1.58976e-06,-68.8933448
1.5898e-06,-68.2152366
1.58984e-06,-68.615462
1.58988e-06,-68.9174066
1.58992e-06,-68.7855735
1.58996e-06,-68.9339676
1.59e-06,-68.5162543
1.59004e-06,-68.6095929
1.59008e-06,-69.0419364
1.59012e-06,-68.5399112
1.59016e-06,-68.4917803
1.5902e-06,-69.2062333
1.59024e-06,-68.7722942
1.59028e-06,-69.3334057
1.59032e-06,-68.9311257
1.59036e-06,-68.6851912
1.5904e-06,-68.4132664
1.59044e-06,-68.9097143
1.59048e-06,-68.7443647
1.59052e-06,-68.8759543
1.59056e-06,-68.752036
1.5906e-06,-68.4476033
1.59064e-06,-69.1111819
1.59068e-06,-69.1475939
1.59072e-06,-68.5702528
1.59076e-06,-69.4515236
1.5908e-06,-69.0339517
1.59084e-06,-68.9997535
1.59088e-06,-68.8822088
1.59092e-06,-69.1157654
1.59096e-06,-69.2653427
1.591e-06,-68.6258202
1.59104e-06,-68.8098135
1.59108e-06,-68.7625461
1.59112e-06,-68.6325695
1.59116e-06,-69.1456913
1.5912e-06,-68.5596481
1.59124e-06,-68.9530651
1.59128e-06,-68.625076
1.59132e-06,-68.4851053
1.59136e-06,-68.4841868
1.5914e-06,-69.103863
1.59144e-06,-68.7366462
1.59148e-06,-68.7692145
1.59152e-06,-68.4343247
1.59156e-06,-68.9230985
1.5916e-06,-68.9125825
1.59164e-06,-69.0366582
1.59168e-06,-68.5765881
1.59172e-06,-69.0329648
1.59176e-06,-69.0424943
1.5918e-06,-68.6107251
1.59184e-06,-68.8567698
1.59188e-06,-68.5354256
1.59192e-06,-68.4243501
1.59196e-06,-68.4815555
1.592e-06,-68.3529685
1.59204e-06,-68.6251242
1.59208e-06,-68.5632904
1.59212e-06,-68.5998598
1.59216e-06,-68.8278449
1.5922e-06,-68.7032241
1.59224e-06,-69.0988625
1.59228e-06,-68.1052302
1.59232e-06,-69.0354943
1.59236e-06,-69.3611648
1.5924e-06,-68.7571408
1.59244e-06,-68.7990627
1.59248e-06,-69.0539696
1.59252e-06,-68.2775018
1.59256e-06,-69.1595677
1.5926e-06,-68.1569797
1.59264e-06,-68.357982
1.59268e-06,-69.0890285
1.59272e-06,-68.6362997
1.59276e-06,-69.3980107
1.5928e-06,-68.6148375
1.59284e-06,-68.6396586
1.59288e-06,-69.2538499
1.59292e-06,-68.4841034
1.59296e-06,-69.0050155
1.593e-06,-69.1373865
1.59304e-06,-69.2992668
1.59308e-06,-68.7272224
1.59312e-06,-68.9692152
1.59316e-06,-68.8552082
1.5932e-06,-68.7208882
1.59324e-06,-69.4210003
1.59328e-06,-68.5603733
1.59332e-06,-69.0796849
1.59336e-06,-68.9746293
1.5934e-06,-68.1651837
1.59344e-06,-69.0018174
1.59348e-06,-68.4487149
1.59352e-06,-68.6523257
1.59356e-06,-68.7162386
1.5936e-06,-68.8395686
1.59364e-06,-68.9597703
1.59368e-06,-68.7343501
1.59372e-06,-69.1608983
1.59376e-06,-68.6514311
1.5938e-06,-68.9491419
1.59384e-06,-68.3876673
1.59388e-06,-68.8453473
1.59392e-06,-68.666047
1.59396e-06,-69.2122965
1.594e-06,-68.9494
1.59404e-06,-69.0124185
1.59408e-06,-68.7163015
1.59412e-06,-68.3491194
1.59416e-06,-68.9637814
1.5942e-06,-69.4338913
1.59424e-06,-68.4257066
1.59428e-06,-69.4305321
1.59432e-06,-69.0390954
1.59436e-06,-69.0419715
1.5944e-06,-69.5005567
1.59444e-06,-69.219936
1.59448e-06,-68.9261891
1.59452e-06,-69.0082908
1.59456e-06,-68.687552
1.5946e-06,-68.780817
1.59464e-06,-68.7844106
1.59468e-06,-68.8060073
1.59472e-06,-68.7700521
1.59476e-06,-68.8679075
1.5948e-06,-68.7501139
1.59484e-06,-68.9123475
1.59488e-06,-69.2318715
1.59492e-06,-69.0235249
1.59496e-06,-69.0477927
1.595e-06,-68.7883329
1.59504e-06,-68.5314517
1.59508e-06,-68.8192504
1.59512e-06,-69.0568741
1.59516e-06,-68.7158965
1.5952e-06,-68.7639963
1.59524e-06,-68.7020632
1.59528e-06,-68.4279117
1.59532e-06,-69.3423323
1.59536e-06,-68.8134615
1.5954e-06,-68.8557997
1.59544e-06,-69.0799761
1.59548e-06,-69.1392617
1.59552e-06,-69.2229301
1.59556e-06,-67.9560973
1.5956e-06,-68.8785098
1.59564e-06,-68.6104134
1.59568e-06,-68.4052029
1.59572e-06,-69.1395006
1.59576e-06,-69.290056
1.5958e-06,-69.1385015
1.59584e-06,-68.6420472
1.59588e-06,-69.228658
1.59592e-06,-69.5542098
1.59596e-06,-68.9874218
1.596e-06,-68.8366814
1.59604e-06,-68.9833097
1.59608e-06,-68.6250818
1.59612e-06,-68.5096021
1.59616e-06,-68.7437103
1.5962e-06,-68.670167
1.59624e-06,-68.986297
1.59628e-06,-69.4613598
1.59632e-06,-69.3976236
1.59636e-06,-68.4064692
1.5964e-06,-68.6852464
1.59644e-06,-68.6926343
1.59648e-06,-68.9781063
1.59652e-06,-68.5686455
1.59656e-06,-68.8526996
1.5966e-06,-69.128501
1.59664e-06,-68.8528621
1.59668e-06,-69.1188359
1.59672e-06,-68.8233423
1.59676e-06,-69.2760238
1.5968e-06,-68.9018747
1.59684e-06,-69.3890931
1.59688e-06,-69.5062612
1.59692e-06,-69.0752166
1.59696e-06,-68.7187934
1.597e-06,-68.1629571
1.59704e-06,-69.3860399
1.59708e-06,-68.6667465
1.59712e-06,-69.2977305
1.59716e-06,-68.6361718
1.5972e-06,-68.8863559
1.59724e-06,-68.9454477
1.59728e-06,-68.7315276
1.59732e-06,-68.6407151
1.59736e-06,-68.0931094
1.5974e-06,-68.5760545
1.59744e-06,-69.0745946
1.59748e-06,-69.0733852
1.59752e-06,-68.7099864
1.59756e-06,-68.2645556
1.5976e-06,-68.9014145
1.59764e-06,-68.6946342
1.59768e-06,-68.958345
1.59772e-06,-69.3490625
1.59776e-06,-69.0293764
1.5978e-06,-68.9842169
1.59784e-06,-69.1535849
1.59788e-06,-68.7733089
1.59792e-06,-69.0267495
1.59796e-06,-69.2625023
1.598e-06,-69.1458246
1.59804e-06,-68.969297
1.59808e-06,-68.7498448
1.59812e-06,-69.2248425
1.59816e-06,-68.8062274
1.5982e-06,-68.584388
1.59824e-06,-69.0398087
1.59828e-06,-69.1113251
1.59832e-06,-68.580937
1.59836e-06,-68.4877369
1.5984e-06,-69.3640684
1.59844e-06,-68.9311438
1.59848e-06,-69.278695
1.59852e-06,-69.2363632
1.59856e-06,-68.6293694
1.5986e-06,-68.8751491
1.59864e-06,-68.4165809
1.59868e-06,-68.4935399
1.59872e-06,-68.775103
1.59876e-06,-69.3961285
1.5988e-06,-68.952927
1.59884e-06,-68.7680902
1.59888e-06,-68.4973341
1.59892e-06,-68.6225269
1.59896e-06,-69.3616961
1.599e-06,-68.7406109
1.59904e-06,-68.8502465
1.59908e-06,-68.8750065
1.59912e-06,-68.6292833
1.59916e-06,-68.448598
1.5992e-06,-68.7898478
1.59924e-06,-68.5410139
1.59928e-06,-68.4380051
1.59932e-06,-69.076538
1.59936e-06,-68.4508133
1.5994e-06,-69.2976848
1.59944e-06,-68.2824551
1.59948e-06,-68.5640766
1.59952e-06,-68.330017
1.59956e-06,-68.7448729
1.5996e-06,-68.5170679
1.59964e-06,-68.6658718
1.59968e-06,-69.1640302
1.59972e-06,-69.1708423
1.59976e-06,-68.6230937
1.5998e-06,-68.7948505
1.59984e-06,-69.2414287
1.59988e-06,-69.2888606
1.59992e-06,-69.1786461
1.59996e-06,-68.8816078
1.6e-06,-68.9946017
1.60004e-06,-68.7175352
1.60008e-06,-69.1316447
1.60012e-06,-69.2375763
1.60016e-06,-69.4051814
1.6002e-06,-69.3551611
1.60024e-06,-68.9301195
1.60028e-06,-69.0068717
1.60032e-06,-68.8654336
1.60036e-06,-69.9328457
1.6004e-06,-69.4926616
1.60044e-06,-69.6050118
1.60048e-06,-69.249458
1.60052e-06,-69.7057554
1.60056e-06,-69.2643325
1.6006e-06,-69.3386442
1.60064e-06,-68.8468621
1.60068e-06,-69.2338658
1.60072e-06,-69.7889921
1.60076e-06,-69.2585785
1.6008e-06,-69.416138
1.60084e-06,-69.0437779
1.60088e-06,-69.732722
1.60092e-06,-69.0620274
1.60096e-06,-68.6818609
1.601e-06,-69.0182423
1.60104e-06,-68.3998987
1.60108e-06,-68.8164313
1.60112e-06,-68.3434714
1.60116e-06,-69.0490462
1.6012e-06,-68.8883361
1.60124e-06,-68.8162318
1.60128e-06,-69.0415656
1.60132e-06,-69.2587904
1.60136e-06,-68.8875637
1.6014e-06,-68.6553246
1.60144e-06,-69.1492161
1.60148e-06,-68.9266364
1.60152e-06,-68.838863
1.60156e-06,-68.8585242
1.6016e-06,-69.252079
1.60164e-06,-68.6298644
1.60168e-06,-69.5464238
1.60172e-06,-68.9126812
1.60176e-06,-69.2683455
1.6018e-06,-69.1251311
1.60184e-06,-69.1952143
1.60188e-06,-68.6547278
1.60192e-06,-69.5666155
1.60196e-06,-69.0958489
1.602e-06,-68.6963828
1.60204e-06,-68.999021
1.60208e-06,-69.1159346
1.60212e-06,-69.3001238
1.60216e-06,-68.7920871
1.6022e-06,-68.5246294
1.60224e-06,-69.1180756
1.60228e-06,-69.4938741
1.60232e-06,-68.6827897
1.60236e-06,-68.8680984
1.6024e-06,-68.5707794
1.60244e-06,-69.2131399
1.60248e-06,-68.5462772
1.60252e-06,-68.7324142
1.60256e-06,-68.4231636
1.6026e-06,-69.1102372
1.60264e-06,-68.2373881
1.60268e-06,-68.9642383
1.60272e-06,-68.589495
1.60276e-06,-69.1710311
1.6028e-06,-68.7936576
1.60284e-06,-68.7820842
1.60288e-06,-68.7619354
1.60292e-06,-69.8283133
1.60296e-06,-68.7077789
1.603e-06,-69.2446047
1.60304e-06,-68.9018168
1.60308e-06,-68.6757968
1.60312e-06,-68.8704287
1.60316e-06,-69.0695299
1.6032e-06,-68.6346891
1.60324e-06,-69.2589182
1.60328e-06,-68.8222599
1.60332e-06,-69.0888573
1.60336e-06,-69.156836
1.6034e-06,-69.509797
1.60344e-06,-68.967383
1.60348e-06,-69.1517938
1.60352e-06,-69.6416327
1.60356e-06,-68.5900878
1.6036e-06,-69.1792125
1.60364e-06,-69.3108063
1.60368e-06,-69.337025
1.60372e-06,-69.3029242
1.60376e-06,-68.8786927
1.6038e-06,-69.1944669
1.60384e-06,-69.7577541
1.60388e-06,-69.9915387
1.60392e-06,-69.3927145
1.60396e-06,-68.9352338
1.604e-06,-68.4900473
1.60404e-06,-69.1604083
1.60408e-06,-69.1153537
1.60412e-06,-68.7209833
1.60416e-06,-68.6832982
1.6042e-06,-69.1318307
1.60424e-06,-68.5338082
1.60428e-06,-69.3551585
1.60432e-06,-68.8586453
1.60436e-06,-68.9740685
1.6044e-06,-68.2571623
1.60444e-06,-69.7958907
1.60448e-06,-69.2511359
1.60452e-06,-68.6528298
1.60456e-06,-68.6128957
1.6046e-06,-68.5582685
1.60464e-06,-68.6331817
1.60468e-06,-68.4448002
1.60472e-06,-68.4101263
1.60476e-06,-68.5605796
1.6048e-06,-69.1134924
1.60484e-06,-68.474312
1.60488e-06,-68.5396941
1.60492e-06,-68.5639528
1.60496e-06,-68.7440701
1.605e-06,-68.7316598
1.60504e-06,-68.5249046
1.60508e-06,-68.6034755
1.60512e-06,-69.1715087
1.60516e-06,-68.6416181
1.6052e-06,-68.8302612
1.60524e-06,-68.6236835
1.60528e-06,-68.4259138
1.60532e-06,-68.9569271
1.60536e-06,-68.6969544
1.6054e-06,-68.9165924
1.60544e-06,-69.4169514
1.60548e-06,-69.0425821
1.60552e-06,-68.3296737
1.60556e-06,-68.7684703
1.6056e-06,-68.5764163
1.60564e-06,-68.2535456
1.60568e-06,-68.3084177
1.60572e-06,-68.6491654
1.60576e-06,-68.4683856
1.6058e-06,-68.5943294
1.60584e-06,-68.2468341
1.60588e-06,-68.2656126
1.60592e-06,-68.8611374
1.60596e-06,-68.2592786
1.606e-06,-68.4766355
1.60604e-06,-68.118175
1.60608e-06,-69.1082144
1.60612e-06,-67.8696249
1.60616e-06,-68.3639031
1.6062e-06,-68.4683864
1.60624e-06,-69.0264863
1.60628e-06,-68.1145383
1.60632e-06,-68.236558
1.60636e-06,-68.836891
1.6064e-06,-68.3399441
1.60644e-06,-67.8899608
1.60648e-06,-67.6997005
1.60652e-06,-68.0808015
1.60656e-06,-67.8477556
1.6066e-06,-67.656818
1.60664e-06,-66.9958735
1.60668e-06,-67.2269565
1.60672e-06,-66.763668
1.60676e-06,-65.8656999
1.6068e-06,-65.4413395
1.60684e-06,-64.49625
1.60688e-06,-63.6171228
1.60692e-06,-62.1404744
1.60696e-06,-60.9175021
1.607e-06,-59.4363741
1.60704e-06,-58.3479578
1.60708e-06,-56.9192529
1.60712e-06,-54.7565208
1.60716e-06,-52.9726047
1.6072e-06,-50.9701292
1.60724e-06,-48.8679471
1.60728e-06,-46.3990748
1.60732e-06,-43.7970654
1.60736e-06,-40.1326118
1.6074e-06,-35.1962163
1.60744e-06,-31.189304
1.60748e-06,-20.0790371
1.60752e-06,-10.6516032
1.60756e-06,-10.5477367
1.6076e-06,-14.3904252
1.60764e-06,-31.4571088
1.60768e-06,-38.379929
1.60772e-06,-43.1443186
1.60776e-06,-47.9954999
1.6078e-06,-52.856772
1.60784e-06,-59.6669672
1.60788e-06,-62.6522123
1.60792e-06,-63.866685
1.60796e-06,-64.7552225
1.608e-06,-65.0672514
1.60804e-06,-66.3370673
1.60808e-06,-66.388018
1.60812e-06,-66.8394591
1.60816e-06,-67.3140207
1.6082e-06,-67.6937898
1.60824e-06,-67.7910387
1.60828e-06,-67.626834
1.60832e-06,-68.3857507
1.60836e-06,-67.8149264
1.6084e-06,-68.1983764
1.60844e-06,-68.0976215
1.60848e-06,-68.5804769
1.60852e-06,-68.412772
1.60856e-06,-67.8388104
1.6086e-06,-68.3124902
1.60864e-06,-68.4932296
1.60868e-06,-68.4475337
1.60872e-06,-68.3401377
1.60876e-06,-68.355259
1.6088e-06,-68.5358694
1.60884e-06,-68.2985801
1.60888e-06,-68.3347123
1.60892e-06,-68.0095345
1.60896e-06,-68.5082721
1.609e-06,-68.0707709
1.60904e-06,-68.3996741
1.60908e-06,-68.5763784
1.60912e-06,-68.93201
1.60916e-06,-68.310223
1.6092e-06,-68.0993494
1.60924e-06,-68.9084747
1.60928e-06,-68.8928327
1.60932e-06,-68.2576311
1.60936e-06,-68.863309
1.6094e-06,-68.9421599
1.60944e-06,-68.6842122
1.60948e-06,-69.044214
1.60952e-06,-68.5625778
1.60956e-06,-69.0066428
1.6096e-06,-68.6625629
1.60964e-06,-68.6569605
1.60968e-06,-68.907465
1.60972e-06,-68.5225639
1.60976e-06,-68.9137638
1.6098e-06,-67.7162163
1.60984e-06,-68.4357733
1.60988e-06,-68.4541129
1.60992e-06,-68.5835666
1.60996e-06,-68.9445619
1.61e-06,-68.9022692
1.61004e-06,-68.7610868
1.61008e-06,-68.867927
1.61012e-06,-68.7191213
1.61016e-06,-68.3043081
1.6102e-06,-68.6678912
1.61024e-06,-68.6385782
1.61028e-06,-68.9957514
1.61032e-06,-68.2800133
1.61036e-06,-68.4633226
1.6104e-06,-68.8218627
1.61044e-06,-68.6096218
1.61048e-06,-68.3670805
1.61052e-06,-68.6360444
1.61056e-06,-68.7252733
1.6106e-06,-69.6277323
1.61064e-06,-69.1098795
1.61068e-06,-68.9047703
1.61072e-06,-69.4243897
1.61076e-06,-69.1772193
1.6108e-06,-68.8740799
1.61084e-06,-69.1426052
1.61088e-06,-68.8069511
1.61092e-06,-69.1613034
1.61096e-06,-69.289438
1.611e-06,-68.8924855
1.61104e-06,-69.3154816
1.61108e-06,-69.5878418
1.61112e-06,-69.1954952
1.61116e-06,-69.0902672
1.6112e-06,-68.9211571
1.61124e-06,-68.7308174
1.61128e-06,-69.0099303
1.61132e-06,-69.6907506
1.61136e-06,-69.9128794
1.6114e-06,-69.0305727
1.61144e-06,-69.2477927
1.61148e-06,-69.2869778
1.61152e-06,-69.1784255
1.61156e-06,-69.2374519
1.6116e-06,-68.9884683
1.61164e-06,-69.5147743
1.61168e-06,-69.3242712
1.61172e-06,-68.7541307
1.61176e-06,-68.768808
1.6118e-06,-69.5845049
1.61184e-06,-69.1566278
1.61188e-06,-68.768125
1.61192e-06,-68.959732
1.61196e-06,-69.0392989
1.612e-06,-69.004773
1.61204e-06,-68.7759114
1.61208e-06,-69.0240313
1.61212e-06,-68.6739065
1.61216e-06,-69.0551422
1.6122e-06,-68.7359145
1.61224e-06,-69.8258014
1.61228e-06,-68.9748006
1.61232e-06,-68.9545564
1.61236e-06,-68.6525775
1.6124e-06,-69.5658298
1.61244e-06,-69.0951776
1.61248e-06,-68.6393794
1.61252e-06,-68.8455531
1.61256e-06,-69.0195722
1.6126e-06,-69.405334
1.61264e-06,-69.0911032
1.61268e-06,-68.89314
1.61272e-06,-68.8507311
1.61276e-06,-69.0519529
1.6128e-06,-68.9961755
1.61284e-06,-69.5681156
1.61288e-06,-68.8483086
1.61292e-06,-69.2634848
1.61296e-06,-69.2378612
1.613e-06,-69.1071528
1.61304e-06,-68.9780473
1.61308e-06,-70.0664007
1.61312e-06,-68.6015094
1.61316e-06,-69.3738052
1.6132e-06,-68.229572
1.61324e-06,-70.0624336
1.61328e-06,-69.2182142
1.61332e-06,-68.8799496
1.61336e-06,-69.0954085
1.6134e-06,-69.4119481
1.61344e-06,-68.9023972
1.61348e-06,-68.9469885
1.61352e-06,-69.01016
1.61356e-06,-69.0548723
1.6136e-06,-69.8787427
1.61364e-06,-69.0063434
1.61368e-06,-68.9646474
1.61372e-06,-69.1663239
1.61376e-06,-68.9036674
1.6138e-06,-68.5971727
1.61384e-06,-69.3745728
1.61388e-06,-69.58054
1.61392e-06,-68.7665287
1.61396e-06,-69.0016537
1.614e-06,-68.3863914
1.61404e-06,-68.6648848
1.61408e-06,-68.8035918
1.61412e-06,-69.305524
1.61416e-06,-69.0337035
1.6142e-06,-69.162708
1.61424e-06,-69.1957092
1.61428e-06,-68.9900817
1.61432e-06,-69.2120498
1.61436e-06,-69.9597434
1.6144e-06,-69.3329332
1.61444e-06,-69.3876346
1.61448e-06,-68.6977474
1.61452e-06,-69.0957237
1.61456e-06,-68.8872549
1.6146e-06,-69.6424331
1.61464e-06,-68.8575404
1.61468e-06,-69.5894067
1.61472e-06,-69.4061369
1.61476e-06,-68.7242724
1.6148e-06,-69.2318444
1.61484e-06,-69.3249294
1.61488e-06,-68.8860128
1.61492e-06,-68.8321587
1.61496e-06,-69.3842348
1.615e-06,-69.1260938
1.61504e-06,-68.7130187
1.61508e-06,-68.9155101
1.61512e-06,-68.6912893
1.61516e-06,-69.1608397
1.6152e-06,-69.4791094
1.61524e-06,-69.04799
1.61528e-06,-69.7714758
1.61532e-06,-68.8370334
1.61536e-06,-69.5776026
1.6154e-06,-69.4258886
1.61544e-06,-69.0033927
1.61548e-06,-69.2994047
1.61552e-06,-69.5751628
1.61556e-06,-69.5188706
1.6156e-06,-70.2356858
1.61564e-06,-69.0620157
1.61568e-06,-69.5068844
1.61572e-06,-69.4606913
1.61576e-06,-69.3762654
1.6158e-06,-69.1407375
1.61584e-06,-69.1287636
1.61588e-06,-68.8071286
1.61592e-06,-69.1381864
1.61596e-06,-68.7174938
1.616e-06,-69.2724969
1.61604e-06,-68.8222092
1.61608e-06,-68.7594367
1.61612e-06,-68.9855048
1.61616e-06,-69.5177314
1.6162e-06,-69.4687283
1.61624e-06,-68.5910528
1.61628e-06,-69.1816714
1.61632e-06,-69.2438096
1.61636e-06,-69.0743157
1.6164e-06,-68.8115412
1.61644e-06,-69.3405833
1.61648e-06,-69.6937013
1.61652e-06,-69.4315192
1.61656e-06,-69.4435654
1.6166e-06,-69.6821128
1.61664e-06,-68.3633724
1.61668e-06,-69.764122
1.61672e-06,-69.3550731
1.61676e-06,-69.5073394
1.6168e-06,-69.3889141
1.61684e-06,-69.8296926
1.61688e-06,-68.8653218
1.61692e-06,-69.4491344
1.61696e-06,-69.5077385
1.617e-06,-68.9719888
1.61704e-06,-69.4140465
1.61708e-06,-69.3253671
1.61712e-06,-69.5112585
1.61716e-06,-69.3576151
1.6172e-06,-69.3583589
1.61724e-06,-69.0829965
1.61728e-06,-69.3066967
1.61732e-06,-68.8671895
1.61736e-06,-69.3045836
1.6174e-06,-69.1000148
1.61744e-06,-70.3203379
1.61748e-06,-68.9063788
1.61752e-06,-69.418455
1.61756e-06,-69.5331968
1.6176e-06,-68.8900572
1.61764e-06,-68.6818777
1.61768e-06,-69.2546637
1.61772e-06,-69.1720606
1.61776e-06,-69.6329958
1.6178e-06,-68.8449478
1.61784e-06,-69.011308
1.61788e-06,-68.8827881
1.61792e-06,-69.6591512
1.61796e-06,-69.2793848
1.618e-06,-69.0399577
1.61804e-06,-69.109171
1.61808e-06,-69.1381669
1.61812e-06,-68.9894513
1.61816e-06,-68.5387894
1.6182e-06,-68.8842797
1.61824e-06,-68.2445958
1.61828e-06,-69.234771
1.61832e-06,-68.91879
1.61836e-06,-69.5093869
1.6184e-06,-68.2419894
1.61844e-06,-69.3098495
1.61848e-06,-69.0337242
1.61852e-06,-69.3479168
1.61856e-06,-69.1913936
1.6186e-06,-70.0220881
1.61864e-06,-68.9873207
1.61868e-06,-68.989926
1.61872e-06,-69.0521602
1.61876e-06,-69.0651587
1.6188e-06,-69.0144925
1.61884e-06,-68.8867956
1.61888e-06,-69.0684669
1.61892e-06,-69.0252341
1.61896e-06,-69.3558736
1.619e-06,-69.2387322
1.61904e-06,-69.3556245
1.61908e-06,-69.627946
1.61912e-06,-69.0860331
1.61916e-06,-69.4243488
1.6192e-06,-69.3582934
1.61924e-06,-69.3579608
1.61928e-06,-69.7894021
1.61932e-06,-69.0118772
1.61936e-06,-69.6523322
1.6194e-06,-69.0487305
1.61944e-06,-68.7736978
1.61948e-06,-69.0650367
1.61952e-06,-69.2978415
1.61956e-06,-68.9477673
1.6196e-06,-68.7603157
1.61964e-06,-69.1065491
1.61968e-06,-69.5312977
1.61972e-06,-68.9837753
1.61976e-06,-70.2198761
1.6198e-06,-69.1459704
1.61984e-06,-69.3521032
1.61988e-06,-68.8782276
1.61992e-06,-69.2053833
1.61996e-06,-68.6337838
1.62e-06,-69.4094663
1.62004e-06,-69.575024
1.62008e-06,-69.1299129
1.62012e-06,-69.0402668
1.62016e-06,-69.7294239
1.6202e-06,-69.6993493
1.62024e-06,-68.988632
1.62028e-06,-69.4626966
1.62032e-06,-69.5678217
1.62036e-06,-68.7800534
1.6204e-06,-69.2548609
1.62044e-06,-69.4633525
1.62048e-06,-68.7978538
1.62052e-06,-69.5644871
1.62056e-06,-68.80506
1.6206e-06,-68.9746577
1.62064e-06,-69.2221192
1.62068e-06,-68.8181648
1.62072e-06,-68.9366103
1.62076e-06,-69.5800541
1.6208e-06,-69.17986
1.62084e-06,-70.3217841
1.62088e-06,-68.7093754
1.62092e-06,-69.5633068
1.62096e-06,-69.2300769
1.621e-06,-68.912129
1.62104e-06,-69.0059179
1.62108e-06,-69.7961504
1.62112e-06,-68.8085527
1.62116e-06,-68.5014872
1.6212e-06,-69.0578105
1.62124e-06,-69.7490166
1.62128e-06,-69.0540576
1.62132e-06,-68.7922199
1.62136e-06,-69.5498426
1.6214e-06,-68.6906969
1.62144e-06,-69.6213252
1.62148e-06,-69.0375652
1.62152e-06,-69.6307142
1.62156e-06,-68.8996071
1.6216e-06,-69.8886715
1.62164e-06,-69.6841523
1.62168e-06,-69.2986891
1.62172e-06,-69.0868671
1.62176e-06,-69.6701791
1.6218e-06,-68.7114497
1.62184e-06,-69.556684
1.62188e-06,-69.5323553
1.62192e-06,-69.302539
1.62196e-06,-69.8723255
1.622e-06,-70.3531663
1.62204e-06,-69.0917639
1.62208e-06,-68.8678353
1.62212e-06,-69.3253412
1.62216e-06,-69.3544023
1.6222e-06,-68.9529739
1.62224e-06,-69.9679435
1.62228e-06,-69.1913263
1.62232e-06,-69.274277
1.62236e-06,-69.2187215
1.6224e-06,-69.2136531
1.62244e-06,-69.100905
1.62248e-06,-69.2843198
1.62252e-06,-68.8205345
1.62256e-06,-69.8100631
1.6226e-06,-68.6028854
1.62264e-06,-69.2906645
1.62268e-06,-68.9719895
1.62272e-06,-69.3718173
1.62276e-06,-69.3629848
1.6228e-06,-69.8573933
1.62284e-06,-69.3699851
1.62288e-06,-69.1675619
1.62292e-06,-68.6675927
1.62296e-06,-69.4049785
1.623e-06,-69.6966289
1.62304e-06,-69.3084174
1.62308e-06,-68.766389
1.62312e-06,-69.5808672
1.62316e-06,-68.640647
1.6232e-06,-69.7095568
1.62324e-06,-68.8304587
1.62328e-06,-69.911927
1.62332e-06,-68.9294412
1.62336e-06,-69.4793501
1.6234e-06,-69.387956
1.62344e-06,-68.6802097
1.62348e-06,-68.9692776
1.62352e-06,-68.9484674
1.62356e-06,-69.8118261
1.6236e-06,-69.3986102
1.62364e-06,-70.1027962
1.62368e-06,-69.1363372
1.62372e-06,-69.0953791
1.62376e-06,-69.8261755
1.6238e-06,-70.1119259
1.62384e-06,-69.0415151
1.62388e-06,-69.6230491
1.62392e-06,-68.958804
1.62396e-06,-68.4423497
1.624e-06,-69.2974179
1.62404e-06,-69.0297351
1.62408e-06,-68.751911
1.62412e-06,-69.7280456
1.62416e-06,-69.2903916
1.6242e-06,-69.1145168
1.62424e-06,-69.1301249
1.62428e-06,-68.887134
1.62432e-06,-69.6054777
1.62436e-06,-68.8791519
1.6244e-06,-69.2728661
1.62444e-06,-68.8200685
1.62448e-06,-69.2412261
1.62452e-06,-68.8921097
1.62456e-06,-69.1996682
1.6246e-06,-69.1577125
1.62464e-06,-69.2919667
1.62468e-06,-69.4306492
1.62472e-06,-69.3145733
1.62476e-06,-68.6813543
1.6248e-06,-69.3217751
1.62484e-06,-68.5326825
1.62488e-06,-69.6364999
1.62492e-06,-69.5451277
1.62496e-06,-68.8107376
1.625e-06,-69.490688
1.62504e-06,-69.1858227
1.62508e-06,-69.3919501
1.62512e-06,-69.608537
1.62516e-06,-69.0733174
1.6252e-06,-68.7357002
1.62524e-06,-68.6864609
1.62528e-06,-69.0435644
1.62532e-06,-70.1399038
1.62536e-06,-69.6292727
1.6254e-06,-69.3725064
1.62544e-06,-69.1752705
1.62548e-06,-68.7946546
1.62552e-06,-68.9300454
1.62556e-06,-69.4552856
1.6256e-06,-68.9616619
1.62564e-06,-68.8640399
1.62568e-06,-68.8540714
1.62572e-06,-68.8628294
1.62576e-06,-69.0403888
1.6258e-06,-69.2171157
1.62584e-06,-69.041657
1.62588e-06,-68.6884199
1.62592e-06,-68.7392073
1.62596e-06,-68.5967152
1.626e-06,-69.4602181
1.62604e-06,-69.4723687
1.62608e-06,-69.5186984
1.62612e-06,-69.2699487
1.62616e-06,-69.3584835
1.6262e-06,-68.8778853
1.62624e-06,-69.4139538
1.62628e-06,-69.3491274
1.62632e-06,-68.9118781
1.62636e-06,-69.5639761
1.6264e-06,-69.2891724
1.62644e-06,-69.2861713
1.62648e-06,-69.6260333
1.62652e-06,-69.3068974
1.62656e-06,-69.4002164
1.6266e-06,-69.4878903
1.62664e-06,-68.8034999
1.62668e-06,-68.7478825
1.62672e-06,-68.8727569
1.62676e-06,-68.7110496
1.6268e-06,-69.8200452
1.62684e-06,-68.494562
1.62688e-06,-68.7940226
1.62692e-06,-68.9011968
1.62696e-06,-69.3575819
1.627e-06,-68.8033941
1.62704e-06,-69.3710532
1.62708e-06,-68.7869154
1.62712e-06,-69.3948571
1.62716e-06,-68.7223836
1.6272e-06,-68.6138752
1.62724e-06,-68.9070335
1.62728e-06,-69.0957455
1.62732e-06,-68.1742752
1.62736e-06,-69.6617906
1.6274e-06,-69.3406814
1.62744e-06,-68.9247741
1.62748e-06,-68.9465392
1.62752e-06,-69.1336722
1.62756e-06,-69.2457629
1.6276e-06,-68.5961762
1.62764e-06,-69.2528557
1.62768e-06,-68.7977682
1.62772e-06,-68.8246835
1.62776e-06,-69.4715542
1.6278e-06,-68.6073159
1.62784e-06,-69.5732951
1.62788e-06,-69.7564
1.62792e-06,-68.8405586
1.62796e-06,-68.5953134
1.628e-06,-68.9957912
1.62804e-06,-68.6878313
1.62808e-06,-68.7913253
1.62812e-06,-69.147049
1.62816e-06,-69.1734155
1.6282e-06,-69.1554903
1.62824e-06,-68.8746224
1.62828e-06,-69.2479034
1.62832e-06,-68.8234729
1.62836e-06,-69.3844936
1.6284e-06,-69.3454628
1.62844e-06,-68.6231697
1.62848e-06,-69.0953501
1.62852e-06,-69.1630152
1.62856e-06,-68.7566065
1.6286e-06,-68.4232169
1.62864e-06,-69.4409032
1.62868e-06,-68.6978064
1.62872e-06,-69.0619637
1.62876e-06,-68.8784055
1.6288e-06,-69.4757174
1.62884e-06,-69.3414548
1.62888e-06,-69.0872734
1.62892e-06,-69.9092249
1.62896e-06,-69.0747803
1.629e-06,-68.7005242
1.62904e-06,-68.834859
1.62908e-06,-68.3433987
1.62912e-06,-68.8418432
1.62916e-06,-69.1736621
1.6292e-06,-68.5981774
1.62924e-06,-69.4094323
1.62928e-06,-69.1048971
1.62932e-06,-69.4050498
1.62936e-06,-69.7168842
1.6294e-06,-69.3632177
1.62944e-06,-69.2704455
1.62948e-06,-69.2858433
1.62952e-06,-69.8323857
1.62956e-06,-69.1235599
1.6296e-06,-68.8205792
1.62964e-06,-69.2959073
1.62968e-06,-69.9113764
1.62972e-06,-68.4872279
1.62976e-06,-69.1875334
1.6298e-06,-68.1938852
1.62984e-06,-69.4116753
1.62988e-06,-68.9157837
1.62992e-06,-69.1879886
1.62996e-06,-69.0911265
1.63e-06,-69.3416288
