Wavelength [m],Power [dBm]
1.47e-06,-55.7368025
1.47004e-06,-55.5446469
1.47008e-06,-55.5717939
1.47012e-06,-55.6269265
1.47016e-06,-55.6066852
1.4702e-06,-55.7575267
1.47024e-06,-55.9274755
1.47028e-06,-55.7070111
1.47032e-06,-55.6888918
1.47036e-06,-55.8284909
1.4704e-06,-55.8129674
1.47044e-06,-55.7825434
1.47048e-06,-55.8459236
1.47052e-06,-55.632331
1.47056e-06,-55.5472717
1.4706e-06,-55.6836536
1.47064e-06,-55.5578882
1.47068e-06,-55.4151104
1.47072e-06,-55.2419275
1.47076e-06,-55.4130498
1.4708e-06,-55.4741044
1.47084e-06,-55.5321465
1.47088e-06,-55.5176396
1.47092e-06,-55.3838534
1.47096e-06,-55.5390349
1.471e-06,-55.6570666
1.47104e-06,-55.5751998
1.47108e-06,-55.4543858
1.47112e-06,-55.3981216
1.47116e-06,-55.4013692
1.4712e-06,-55.519992
1.47124e-06,-55.7031913
1.47128e-06,-55.6246991
1.47132e-06,-55.6332454
1.47136e-06,-55.5894565
1.4714e-06,-55.8124502
1.47144e-06,-55.8775186
1.47148e-06,-55.7981921
1.47152e-06,-55.8319489
1.47156e-06,-55.8674385
1.4716e-06,-55.9719229
1.47164e-06,-55.9770689
1.47168e-06,-55.6220825
1.47172e-06,-55.6489765
1.47176e-06,-55.7342243
1.4718e-06,-55.5309449
1.47184e-06,-55.4609447
1.47188e-06,-55.4965663
1.47192e-06,-55.6596236
1.47196e-06,-55.5524604
1.472e-06,-55.6200963
1.47204e-06,-55.5039734
1.47208e-06,-55.3840058
1.47212e-06,-55.1921343
1.47216e-06,-55.1195904
1.4722e-06,-55.257276
1.47224e-06,-55.553958
1.47228e-06,-55.5977226
1.47232e-06,-55.354874
1.47236e-06,-55.0876854
1.4724e-06,-55.0112596
1.47244e-06,-54.8305133
1.47248e-06,-54.8437879
1.47252e-06,-54.7099488
1.47256e-06,-54.4887409
1.4726e-06,-54.4438616
1.47264e-06,-54.3329225
1.47268e-06,-54.5348415
1.47272e-06,-54.6123244
1.47276e-06,-54.6705674
1.4728e-06,-54.8753419
1.47284e-06,-54.7206573
1.47288e-06,-54.6734774
1.47292e-06,-54.5985431
1.47296e-06,-54.4775458
1.473e-06,-54.4840282
1.47304e-06,-54.5120721
1.47308e-06,-54.6122927
1.47312e-06,-54.6582815
1.47316e-06,-54.5445542
1.4732e-06,-54.6225666
1.47324e-06,-54.6159193
1.47328e-06,-54.5137502
1.47332e-06,-54.3289207
1.47336e-06,-54.3168478
1.4734e-06,-54.6023034
1.47344e-06,-54.655892
1.47348e-06,-54.7072234
1.47352e-06,-54.549365
1.47356e-06,-54.3326866
1.4736e-06,-54.3821949
1.47364e-06,-54.5779755
1.47368e-06,-54.6316166
1.47372e-06,-54.5734734
1.47376e-06,-54.5559114
1.4738e-06,-54.4937394
1.47384e-06,-54.3737963
1.47388e-06,-54.4297446
1.47392e-06,-54.2778021
1.47396e-06,-54.1651355
1.474e-06,-54.0283599
1.47404e-06,-53.7851118
1.47408e-06,-53.7450653
1.47412e-06,-53.6234347
1.47416e-06,-53.5533346
1.4742e-06,-53.4276316
1.47424e-06,-53.3540411
1.47428e-06,-53.3569727
1.47432e-06,-53.1659563
1.47436e-06,-53.0651287
1.4744e-06,-52.9456687
1.47444e-06,-52.9114737
1.47448e-06,-53.0976429
1.47452e-06,-53.0684393
1.47456e-06,-52.9548881
1.4746e-06,-52.9015665
1.47464e-06,-52.7016205
1.47468e-06,-52.680877
1.47472e-06,-52.7741193
1.47476e-06,-52.660303
1.4748e-06,-52.503649
1.47484e-06,-52.4313569
1.47488e-06,-52.3619274
1.47492e-06,-52.4955611
1.47496e-06,-52.3537598
1.475e-06,-52.346543
1.47504e-06,-52.2314735
1.47508e-06,-52.1351385
1.47512e-06,-51.8384911
1.47516e-06,-51.6090043
1.4752e-06,-51.6871688
1.47524e-06,-51.5259466
1.47528e-06,-51.3114829
1.47532e-06,-51.2423028
1.47536e-06,-51.0765545
1.4754e-06,-50.9848705
1.47544e-06,-50.8216408
1.47548e-06,-50.8504562
1.47552e-06,-50.8009902
1.47556e-06,-50.8698907
1.4756e-06,-50.8899353
1.47564e-06,-50.8678559
1.47568e-06,-50.9857461
1.47572e-06,-50.9084539
1.47576e-06,-50.7050753
1.4758e-06,-50.6214683
1.47584e-06,-50.5761596
1.47588e-06,-50.6150408
1.47592e-06,-50.7299359
1.47596e-06,-50.9847852
1.476e-06,-50.8492659
1.47604e-06,-50.8146584
1.47608e-06,-50.6166779
1.47612e-06,-50.3776979
1.47616e-06,-50.1606802
1.4762e-06,-50.2550517
1.47624e-06,-50.2442954
1.47628e-06,-50.0054921
1.47632e-06,-50.0389983
1.47636e-06,-49.8553043
1.4764e-06,-49.6482258
1.47644e-06,-49.5315334
1.47648e-06,-49.5385085
1.47652e-06,-49.5278055
1.47656e-06,-49.3123402
1.4766e-06,-49.2814806
1.47664e-06,-49.3971993
1.47668e-06,-49.2780509
1.47672e-06,-49.3321006
1.47676e-06,-49.3879593
1.4768e-06,-49.4890614
1.47684e-06,-49.5593443
1.47688e-06,-49.5647576
1.47692e-06,-49.5854447
1.47696e-06,-49.3445105
1.477e-06,-49.2422456
1.47704e-06,-49.0445393
1.47708e-06,-48.7391191
1.47712e-06,-48.860046
1.47716e-06,-48.5093825
1.4772e-06,-48.4182175
1.47724e-06,-48.2162711
1.47728e-06,-48.4220054
1.47732e-06,-48.2610101
1.47736e-06,-48.0877741
1.4774e-06,-48.0883419
1.47744e-06,-48.1402737
1.47748e-06,-48.0621123
1.47752e-06,-47.8113618
1.47756e-06,-47.6811108
1.4776e-06,-47.5469028
1.47764e-06,-47.4163203
1.47768e-06,-47.7299443
1.47772e-06,-47.6629687
1.47776e-06,-47.5460233
1.4778e-06,-47.611613
1.47784e-06,-47.8801813
1.47788e-06,-48.1459773
1.47792e-06,-48.1139767
1.47796e-06,-48.2546125
1.478e-06,-48.1888377
1.47804e-06,-48.4164412
1.47808e-06,-48.3714187
1.47812e-06,-48.325815
1.47816e-06,-48.2993723
1.4782e-06,-48.0711246
1.47824e-06,-48.1076146
1.47828e-06,-48.1963711
1.47832e-06,-47.739311
1.47836e-06,-47.6095675
1.4784e-06,-47.6931846
1.47844e-06,-47.8567188
1.47848e-06,-47.7778431
1.47852e-06,-47.6458942
1.47856e-06,-47.6328343
1.4786e-06,-47.8330762
1.47864e-06,-47.8868548
1.47868e-06,-47.8427489
1.47872e-06,-47.7336499
1.47876e-06,-47.6496087
1.4788e-06,-47.5643435
1.47884e-06,-47.5990729
1.47888e-06,-47.5992276
1.47892e-06,-47.3250609
1.47896e-06,-47.1438906
1.479e-06,-47.4033376
1.47904e-06,-47.6985863
1.47908e-06,-47.5235362
1.47912e-06,-47.418789
1.47916e-06,-47.6682938
1.4792e-06,-47.7091384
1.47924e-06,-47.5510163
1.47928e-06,-47.4095713
1.47932e-06,-47.2583298
1.47936e-06,-47.3156596
1.4794e-06,-47.4408019
1.47944e-06,-47.2276535
1.47948e-06,-47.0108307
1.47952e-06,-46.8097416
1.47956e-06,-46.671714
1.4796e-06,-46.4948431
1.47964e-06,-46.4080844
1.47968e-06,-46.3979319
1.47972e-06,-46.3353551
1.47976e-06,-46.163386
1.4798e-06,-46.0125619
1.47984e-06,-46.0085021
1.47988e-06,-45.9558033
1.47992e-06,-45.9080039
1.47996e-06,-45.8637981
1.48e-06,-45.7404793
1.48004e-06,-45.6575963
1.48008e-06,-45.5458831
1.48012e-06,-45.5237044
1.48016e-06,-45.4014089
1.4802e-06,-45.1868499
1.48024e-06,-44.9945012
1.48028e-06,-44.7855287
1.48032e-06,-44.7937952
1.48036e-06,-44.7136894
1.4804e-06,-44.672083
1.48044e-06,-44.7112671
1.48048e-06,-44.8837174
1.48052e-06,-45.0248436
1.48056e-06,-45.2353386
1.4806e-06,-45.3466099
1.48064e-06,-45.4012729
1.48068e-06,-45.2893724
1.48072e-06,-45.4192464
1.48076e-06,-45.6303916
1.4808e-06,-45.5904539
1.48084e-06,-45.5552605
1.48088e-06,-45.4626784
1.48092e-06,-45.3886258
1.48096e-06,-45.4939318
1.481e-06,-45.714652
1.48104e-06,-45.7856956
1.48108e-06,-45.933396
1.48112e-06,-46.3618935
1.48116e-06,-46.575194
1.4812e-06,-46.4379224
1.48124e-06,-46.3715016
1.48128e-06,-46.5498015
1.48132e-06,-46.7518469
1.48136e-06,-47.0065667
1.4814e-06,-46.8072315
1.48144e-06,-46.3583418
1.48148e-06,-46.6097545
1.48152e-06,-46.4934159
1.48156e-06,-47.019909
1.4816e-06,-47.5080153
1.48164e-06,-47.6052372
1.48168e-06,-47.6930171
1.48172e-06,-47.6390664
1.48176e-06,-47.7170475
1.4818e-06,-47.4701816
1.48184e-06,-47.7555418
1.48188e-06,-47.7629436
1.48192e-06,-47.6682427
1.48196e-06,-47.7741486
1.482e-06,-47.5977901
1.48204e-06,-47.5276116
1.48208e-06,-47.5113708
1.48212e-06,-47.4939077
1.48216e-06,-47.3384832
1.4822e-06,-47.5554099
1.48224e-06,-47.4874851
1.48228e-06,-47.3652701
1.48232e-06,-47.2672609
1.48236e-06,-47.3987517
1.4824e-06,-47.1544884
1.48244e-06,-47.1392235
1.48248e-06,-47.3134407
1.48252e-06,-47.3520371
1.48256e-06,-47.3509142
1.4826e-06,-47.4767117
1.48264e-06,-47.5122425
1.48268e-06,-47.6332811
1.48272e-06,-47.7949989
1.48276e-06,-47.9745485
1.4828e-06,-47.8959581
1.48284e-06,-47.9807681
1.48288e-06,-47.9060825
1.48292e-06,-48.0988734
1.48296e-06,-48.1441495
1.483e-06,-48.1186495
1.48304e-06,-48.0897668
1.48308e-06,-48.0201039
1.48312e-06,-48.1893822
1.48316e-06,-48.3475136
1.4832e-06,-48.3695891
1.48324e-06,-48.4235676
1.48328e-06,-48.2598814
1.48332e-06,-48.3328539
1.48336e-06,-48.551021
1.4834e-06,-48.6241352
1.48344e-06,-48.7162622
1.48348e-06,-48.9791773
1.48352e-06,-49.2670787
1.48356e-06,-49.4347991
1.4836e-06,-49.5537566
1.48364e-06,-49.7335444
1.48368e-06,-49.8262678
1.48372e-06,-49.9857357
1.48376e-06,-49.8953951
1.4838e-06,-49.9213846
1.48384e-06,-50.1214843
1.48388e-06,-50.1994497
1.48392e-06,-50.2742695
1.48396e-06,-50.4131109
1.484e-06,-50.5019384
1.48404e-06,-50.3885418
1.48408e-06,-50.3671514
1.48412e-06,-50.3661112
1.48416e-06,-50.4496256
1.4842e-06,-50.5779683
1.48424e-06,-50.3929041
1.48428e-06,-50.4340762
1.48432e-06,-50.2337072
1.48436e-06,-50.4485584
1.4844e-06,-50.6694411
1.48444e-06,-50.840038
1.48448e-06,-50.9400217
1.48452e-06,-51.1160636
1.48456e-06,-51.0053516
1.4846e-06,-50.8846459
1.48464e-06,-51.0976062
1.48468e-06,-51.2836845
1.48472e-06,-51.3665331
1.48476e-06,-51.2929703
1.4848e-06,-51.4642747
1.48484e-06,-51.5846232
1.48488e-06,-51.6119972
1.48492e-06,-51.6776595
1.48496e-06,-51.8937893
1.485e-06,-52.0344054
1.48504e-06,-51.9969729
1.48508e-06,-51.8265447
1.48512e-06,-51.9373596
1.48516e-06,-52.0250902
1.4852e-06,-51.9224354
1.48524e-06,-52.042378
1.48528e-06,-51.9034217
1.48532e-06,-51.6937837
1.48536e-06,-51.8101327
1.4854e-06,-52.1075192
1.48544e-06,-52.3609422
1.48548e-06,-52.5642374
1.48552e-06,-52.62332
1.48556e-06,-52.6126417
1.4856e-06,-52.5925252
1.48564e-06,-52.6875293
1.48568e-06,-52.7895306
1.48572e-06,-52.9889551
1.48576e-06,-53.2288692
1.4858e-06,-53.3607857
1.48584e-06,-53.4411741
1.48588e-06,-53.4471741
1.48592e-06,-53.4770356
1.48596e-06,-53.4477366
1.486e-06,-53.2145744
1.48604e-06,-53.0114981
1.48608e-06,-52.9858965
1.48612e-06,-53.3637625
1.48616e-06,-53.3236209
1.4862e-06,-53.2569009
1.48624e-06,-53.2189952
1.48628e-06,-53.4127508
1.48632e-06,-53.6275319
1.48636e-06,-53.5072384
1.4864e-06,-53.4809646
1.48644e-06,-53.5236944
1.48648e-06,-53.7519984
1.48652e-06,-54.1356717
1.48656e-06,-54.2551979
1.4866e-06,-54.2792286
1.48664e-06,-54.3004486
1.48668e-06,-54.3127828
1.48672e-06,-54.5890918
1.48676e-06,-54.6013477
1.4868e-06,-54.4135663
1.48684e-06,-54.3855247
1.48688e-06,-54.4956658
1.48692e-06,-54.5273017
1.48696e-06,-54.4209496
1.487e-06,-54.3803448
1.48704e-06,-54.4195544
1.48708e-06,-54.5406086
1.48712e-06,-54.4249418
1.48716e-06,-54.4507051
1.4872e-06,-54.2248368
1.48724e-06,-54.1143516
1.48728e-06,-54.3475998
1.48732e-06,-54.4494411
1.48736e-06,-54.7096674
1.4874e-06,-54.9254927
1.48744e-06,-54.947172
1.48748e-06,-54.9092556
1.48752e-06,-54.8712231
1.48756e-06,-55.2294752
1.4876e-06,-55.1157117
1.48764e-06,-54.8126246
1.48768e-06,-54.7225096
1.48772e-06,-54.6505731
1.48776e-06,-55.0170651
1.4878e-06,-55.121468
1.48784e-06,-55.0870506
1.48788e-06,-54.9006556
1.48792e-06,-54.7739345
1.48796e-06,-54.6984859
1.488e-06,-55.0367705
1.48804e-06,-55.2689586
1.48808e-06,-55.408203
1.48812e-06,-55.2001383
1.48816e-06,-55.2063281
1.4882e-06,-55.2906675
1.48824e-06,-55.3193528
1.48828e-06,-55.332206
1.48832e-06,-55.1239328
1.48836e-06,-55.1325373
1.4884e-06,-55.4180639
1.48844e-06,-55.4113835
1.48848e-06,-55.1386366
1.48852e-06,-54.9336983
1.48856e-06,-55.3216855
1.4886e-06,-55.2867775
1.48864e-06,-55.2855455
1.48868e-06,-55.4052011
1.48872e-06,-55.5056557
1.48876e-06,-55.5317425
1.4888e-06,-55.5310847
1.48884e-06,-55.6472242
1.48888e-06,-55.5921739
1.48892e-06,-55.7103683
1.48896e-06,-55.6721975
1.489e-06,-55.7404424
1.48904e-06,-55.7547051
1.48908e-06,-55.7471248
1.48912e-06,-55.6927976
1.48916e-06,-55.5654661
1.4892e-06,-55.430014
1.48924e-06,-55.6189635
1.48928e-06,-55.6341482
1.48932e-06,-55.8373673
1.48936e-06,-55.9949569
1.4894e-06,-55.8068005
1.48944e-06,-55.8381965
1.48948e-06,-55.8355344
1.48952e-06,-55.9627471
1.48956e-06,-55.7999866
1.4896e-06,-55.8479027
1.48964e-06,-56.0207487
1.48968e-06,-56.1005252
1.48972e-06,-56.0789288
1.48976e-06,-55.8544498
1.4898e-06,-55.8448649
1.48984e-06,-56.018669
1.48988e-06,-56.1090216
1.48992e-06,-56.3006251
1.48996e-06,-56.2413865
1.49e-06,-56.2525677
1.49004e-06,-56.2467942
1.49008e-06,-56.216511
1.49012e-06,-56.3364734
1.49016e-06,-56.4228535
1.4902e-06,-56.2954771
1.49024e-06,-56.2399307
1.49028e-06,-56.0852304
1.49032e-06,-55.9993644
1.49036e-06,-55.7995214
1.4904e-06,-55.7832581
1.49044e-06,-55.918206
1.49048e-06,-56.0007641
1.49052e-06,-55.9772013
1.49056e-06,-55.9361061
1.4906e-06,-55.9708683
1.49064e-06,-56.1559398
1.49068e-06,-56.3062377
1.49072e-06,-56.4612148
1.49076e-06,-56.0942977
1.4908e-06,-55.9560854
1.49084e-06,-56.0404128
1.49088e-06,-55.93113
1.49092e-06,-55.8574675
1.49096e-06,-55.5274196
1.491e-06,-55.7261036
1.49104e-06,-55.6341516
1.49108e-06,-55.5341862
1.49112e-06,-55.5758222
1.49116e-06,-55.8286724
1.4912e-06,-55.8780932
1.49124e-06,-56.0612573
1.49128e-06,-56.4094174
1.49132e-06,-56.6448215
1.49136e-06,-56.862829
1.4914e-06,-56.8321542
1.49144e-06,-56.8305186
1.49148e-06,-56.6765445
1.49152e-06,-56.6751564
1.49156e-06,-56.6524628
1.4916e-06,-56.5523943
1.49164e-06,-56.2978768
1.49168e-06,-56.2600211
1.49172e-06,-56.5012185
1.49176e-06,-56.3222781
1.4918e-06,-56.1675049
1.49184e-06,-56.2080219
1.49188e-06,-56.5544194
1.49192e-06,-56.4767288
1.49196e-06,-56.2052946
1.492e-06,-56.3355112
1.49204e-06,-56.1828879
1.49208e-06,-56.4045906
1.49212e-06,-56.3692742
1.49216e-06,-56.3375372
1.4922e-06,-56.3040223
1.49224e-06,-56.213145
1.49228e-06,-56.2529915
1.49232e-06,-56.3721357
1.49236e-06,-56.4870302
1.4924e-06,-56.5947045
1.49244e-06,-56.6006976
1.49248e-06,-56.5675852
1.49252e-06,-56.6525151
1.49256e-06,-56.8410665
1.4926e-06,-56.6565581
1.49264e-06,-56.6334029
1.49268e-06,-56.7475936
1.49272e-06,-56.5724786
1.49276e-06,-56.5129312
1.4928e-06,-56.7955097
1.49284e-06,-56.5726485
1.49288e-06,-56.5046255
1.49292e-06,-56.867401
1.49296e-06,-56.860338
1.493e-06,-56.4910317
1.49304e-06,-56.7802162
1.49308e-06,-57.0425909
1.49312e-06,-56.8187472
1.49316e-06,-56.8650919
1.4932e-06,-56.85289
1.49324e-06,-56.8743931
1.49328e-06,-57.0172135
1.49332e-06,-56.9101153
1.49336e-06,-57.0032997
1.4934e-06,-57.0700296
1.49344e-06,-56.9933266
1.49348e-06,-56.9245715
1.49352e-06,-56.8608972
1.49356e-06,-57.1266213
1.4936e-06,-57.374511
1.49364e-06,-57.0729309
1.49368e-06,-56.9876802
1.49372e-06,-57.1455079
1.49376e-06,-57.1408842
1.4938e-06,-57.2551441
1.49384e-06,-56.9541792
1.49388e-06,-56.8318197
1.49392e-06,-57.0919152
1.49396e-06,-57.3373349
1.494e-06,-57.0902887
1.49404e-06,-56.7584887
1.49408e-06,-57.0266703
1.49412e-06,-57.1049076
1.49416e-06,-56.8130519
1.4942e-06,-57.0364194
1.49424e-06,-57.2264793
1.49428e-06,-57.308766
1.49432e-06,-57.2586628
1.49436e-06,-57.3519086
1.4944e-06,-57.5485143
1.49444e-06,-57.2945437
1.49448e-06,-57.4654705
1.49452e-06,-57.3731521
1.49456e-06,-57.0861782
1.4946e-06,-57.2660136
1.49464e-06,-57.2568146
1.49468e-06,-57.2484414
1.49472e-06,-57.3593362
1.49476e-06,-57.1933699
1.4948e-06,-57.3913455
1.49484e-06,-57.2778568
1.49488e-06,-57.1287972
1.49492e-06,-57.2686611
1.49496e-06,-57.2861315
1.495e-06,-57.4085744
1.49504e-06,-57.2102436
1.49508e-06,-57.4349995
1.49512e-06,-57.7832565
1.49516e-06,-57.6665707
1.4952e-06,-57.5869719
1.49524e-06,-57.7169924
1.49528e-06,-57.7215131
1.49532e-06,-57.6657568
1.49536e-06,-57.4585554
1.4954e-06,-57.4970997
1.49544e-06,-57.2492175
1.49548e-06,-57.5692091
1.49552e-06,-57.4642081
1.49556e-06,-57.2233482
1.4956e-06,-57.5236995
1.49564e-06,-57.6780733
1.49568e-06,-57.6125207
1.49572e-06,-57.7393634
1.49576e-06,-57.735298
1.4958e-06,-57.8618973
1.49584e-06,-57.8175835
1.49588e-06,-57.6578904
1.49592e-06,-57.6272263
1.49596e-06,-57.7356839
1.496e-06,-57.7564774
1.49604e-06,-57.664761
1.49608e-06,-57.7308905
1.49612e-06,-57.7917648
1.49616e-06,-57.7328395
1.4962e-06,-58.0102402
1.49624e-06,-57.726699
1.49628e-06,-57.7933175
1.49632e-06,-57.7659436
1.49636e-06,-57.4743155
1.4964e-06,-57.6742131
1.49644e-06,-57.7736908
1.49648e-06,-57.5498631
1.49652e-06,-57.5076433
1.49656e-06,-57.6650527
1.4966e-06,-57.81841
1.49664e-06,-57.5797161
1.49668e-06,-57.9673938
1.49672e-06,-58.0661218
1.49676e-06,-57.8671113
1.4968e-06,-57.910642
1.49684e-06,-57.9231653
1.49688e-06,-57.8743887
1.49692e-06,-57.8172299
1.49696e-06,-57.7901758
1.497e-06,-57.863651
1.49704e-06,-57.4396679
1.49708e-06,-57.6104973
1.49712e-06,-57.6497837
1.49716e-06,-57.4865954
1.4972e-06,-57.7172175
1.49724e-06,-57.5280331
1.49728e-06,-57.4799187
1.49732e-06,-57.7870658
1.49736e-06,-57.6908926
1.4974e-06,-57.8019873
1.49744e-06,-58.1359314
1.49748e-06,-57.964778
1.49752e-06,-58.0260479
1.49756e-06,-58.3099282
1.4976e-06,-58.0578009
1.49764e-06,-58.190598
1.49768e-06,-58.3154729
1.49772e-06,-58.1091062
1.49776e-06,-58.3339753
1.4978e-06,-58.2004428
1.49784e-06,-58.0419429
1.49788e-06,-58.1110074
1.49792e-06,-58.0914909
1.49796e-06,-58.5222876
1.498e-06,-58.3648384
1.49804e-06,-58.1775987
1.49808e-06,-57.965278
1.49812e-06,-57.9492045
1.49816e-06,-58.1951778
1.4982e-06,-58.2466485
1.49824e-06,-58.0339701
1.49828e-06,-57.8417073
1.49832e-06,-58.0235334
1.49836e-06,-58.3360584
1.4984e-06,-57.8784173
1.49844e-06,-57.8970249
1.49848e-06,-57.729764
1.49852e-06,-57.9243503
1.49856e-06,-58.1866216
1.4986e-06,-57.9644776
1.49864e-06,-57.8368995
1.49868e-06,-57.8195444
1.49872e-06,-57.8221801
1.49876e-06,-57.8190966
1.4988e-06,-57.9189289
1.49884e-06,-57.7169147
1.49888e-06,-57.872237
1.49892e-06,-57.4334773
1.49896e-06,-57.6112148
1.499e-06,-57.6497864
1.49904e-06,-57.5024145
1.49908e-06,-57.8907096
1.49912e-06,-57.6835492
1.49916e-06,-57.5391363
1.4992e-06,-58.2434321
1.49924e-06,-57.8921058
1.49928e-06,-57.9912464
1.49932e-06,-58.2368803
1.49936e-06,-57.8318574
1.4994e-06,-57.9675837
1.49944e-06,-57.9109699
1.49948e-06,-58.1640044
1.49952e-06,-57.9630679
1.49956e-06,-58.3752951
1.4996e-06,-57.8205297
1.49964e-06,-58.009822
1.49968e-06,-58.114425
1.49972e-06,-58.0566192
1.49976e-06,-58.3633604
1.4998e-06,-57.622478
1.49984e-06,-58.137895
1.49988e-06,-57.7894944
1.49992e-06,-58.1493998
1.49996e-06,-58.1061634
1.5e-06,-57.7423473
1.50004e-06,-58.2815486
1.50008e-06,-58.2152252
1.50012e-06,-58.2728162
1.50016e-06,-58.4250228
1.5002e-06,-58.4814781
1.50024e-06,-58.2755741
1.50028e-06,-58.1929046
1.50032e-06,-58.2272385
1.50036e-06,-58.5465667
1.5004e-06,-58.3032282
1.50044e-06,-58.3674791
1.50048e-06,-58.2164684
1.50052e-06,-58.7151518
1.50056e-06,-58.5083818
1.5006e-06,-58.7058538
1.50064e-06,-58.364222
1.50068e-06,-58.5577927
1.50072e-06,-58.4811367
1.50076e-06,-58.4390565
1.5008e-06,-58.3745217
1.50084e-06,-58.504434
1.50088e-06,-58.5168847
1.50092e-06,-58.8479268
1.50096e-06,-58.7211532
1.501e-06,-58.9608455
1.50104e-06,-58.7700473
1.50108e-06,-58.8005926
1.50112e-06,-58.9167056
1.50116e-06,-58.6096111
1.5012e-06,-58.623938
1.50124e-06,-58.7981132
1.50128e-06,-58.90435
1.50132e-06,-58.8910474
1.50136e-06,-58.8697126
1.5014e-06,-58.6277253
1.50144e-06,-58.6292495
1.50148e-06,-58.5944698
1.50152e-06,-58.7280579
1.50156e-06,-58.6276765
1.5016e-06,-58.7408284
1.50164e-06,-58.8099244
1.50168e-06,-58.8563886
1.50172e-06,-59.0779907
1.50176e-06,-58.7484858
1.5018e-06,-59.060078
1.50184e-06,-58.8952071
1.50188e-06,-59.1650687
1.50192e-06,-58.7544386
1.50196e-06,-58.990746
1.502e-06,-58.8504252
1.50204e-06,-59.0720478
1.50208e-06,-58.8010661
1.50212e-06,-58.9798763
1.50216e-06,-58.9567095
1.5022e-06,-59.1421178
1.50224e-06,-59.07985
1.50228e-06,-59.1094476
1.50232e-06,-59.4927872
1.50236e-06,-58.9719531
1.5024e-06,-59.4529438
1.50244e-06,-59.3105599
1.50248e-06,-59.3573626
1.50252e-06,-59.2184931
1.50256e-06,-59.3363355
1.5026e-06,-59.0644878
1.50264e-06,-59.4883488
1.50268e-06,-59.4663372
1.50272e-06,-59.4203524
1.50276e-06,-59.455946
1.5028e-06,-59.5049047
1.50284e-06,-59.769521
1.50288e-06,-59.2249754
1.50292e-06,-59.5320726
1.50296e-06,-59.4090393
1.503e-06,-59.6156095
1.50304e-06,-59.3139678
1.50308e-06,-59.2987852
1.50312e-06,-59.2027038
1.50316e-06,-59.1083992
1.5032e-06,-59.2314597
1.50324e-06,-59.1191281
1.50328e-06,-59.1611939
1.50332e-06,-59.3075126
1.50336e-06,-59.0416015
1.5034e-06,-59.253718
1.50344e-06,-59.1052361
1.50348e-06,-59.5124125
1.50352e-06,-59.4961602
1.50356e-06,-59.606856
1.5036e-06,-59.6030095
1.50364e-06,-59.5515748
1.50368e-06,-59.403841
1.50372e-06,-59.7185678
1.50376e-06,-59.7718466
1.5038e-06,-59.5442973
1.50384e-06,-59.78598
1.50388e-06,-59.5972501
1.50392e-06,-59.8317131
1.50396e-06,-59.8267339
1.504e-06,-59.6161672
1.50404e-06,-59.7431716
1.50408e-06,-59.8339301
1.50412e-06,-59.383162
1.50416e-06,-59.668293
1.5042e-06,-59.283436
1.50424e-06,-59.5148251
1.50428e-06,-59.5627827
1.50432e-06,-59.4970634
1.50436e-06,-59.75131
1.5044e-06,-59.512899
1.50444e-06,-59.8728542
1.50448e-06,-59.7762707
1.50452e-06,-59.9256285
1.50456e-06,-59.838069
1.5046e-06,-59.8724478
1.50464e-06,-59.7030789
1.50468e-06,-59.7260629
1.50472e-06,-59.9633561
1.50476e-06,-59.7975696
1.5048e-06,-59.9097649
1.50484e-06,-59.7410704
1.50488e-06,-60.1328469
1.50492e-06,-60.0219473
1.50496e-06,-60.0909827
1.505e-06,-59.9067774
1.50504e-06,-60.1674107
1.50508e-06,-60.0930713
1.50512e-06,-60.4943916
1.50516e-06,-59.9911609
1.5052e-06,-60.0536888
1.50524e-06,-60.1335731
1.50528e-06,-60.3357002
1.50532e-06,-60.5200229
1.50536e-06,-60.4510847
1.5054e-06,-60.4102693
1.50544e-06,-60.4715402
1.50548e-06,-60.3160862
1.50552e-06,-60.4879733
1.50556e-06,-60.3415713
1.5056e-06,-60.4717653
1.50564e-06,-60.3679607
1.50568e-06,-60.530716
1.50572e-06,-60.3007292
1.50576e-06,-60.4406935
1.5058e-06,-60.3813473
1.50584e-06,-60.1389163
1.50588e-06,-60.3363811
1.50592e-06,-60.3397165
1.50596e-06,-60.2522688
1.506e-06,-60.4262674
1.50604e-06,-60.3918183
1.50608e-06,-60.993821
1.50612e-06,-60.9285503
1.50616e-06,-60.9413795
1.5062e-06,-60.9411346
1.50624e-06,-60.8267195
1.50628e-06,-60.9128956
1.50632e-06,-60.6222903
1.50636e-06,-60.5038215
1.5064e-06,-60.717441
1.50644e-06,-60.6736695
1.50648e-06,-60.7027491
1.50652e-06,-60.5717344
1.50656e-06,-60.5654664
1.5066e-06,-60.8372983
1.50664e-06,-60.8548879
1.50668e-06,-61.1887037
1.50672e-06,-60.9780467
1.50676e-06,-61.0740979
1.5068e-06,-60.928582
1.50684e-06,-61.2680902
1.50688e-06,-61.1498056
1.50692e-06,-61.0028262
1.50696e-06,-60.9827172
1.507e-06,-60.8830712
1.50704e-06,-61.1752859
1.50708e-06,-60.8344066
1.50712e-06,-60.8384402
1.50716e-06,-60.906583
1.5072e-06,-60.9979853
1.50724e-06,-61.2017512
1.50728e-06,-60.9670757
1.50732e-06,-60.9562644
1.50736e-06,-61.2053807
1.5074e-06,-61.0928913
1.50744e-06,-61.2581737
1.50748e-06,-61.0890418
1.50752e-06,-61.1124248
1.50756e-06,-61.088357
1.5076e-06,-61.2078027
1.50764e-06,-61.3507297
1.50768e-06,-61.1850037
1.50772e-06,-61.0399423
1.50776e-06,-61.3440102
1.5078e-06,-61.5447975
1.50784e-06,-61.5725088
1.50788e-06,-61.3088044
1.50792e-06,-61.2205825
1.50796e-06,-61.402706
1.508e-06,-61.6256563
1.50804e-06,-61.5906259
1.50808e-06,-61.4496024
1.50812e-06,-61.4606237
1.50816e-06,-61.2704667
1.5082e-06,-61.521395
1.50824e-06,-61.4378334
1.50828e-06,-61.4532547
1.50832e-06,-61.453628
1.50836e-06,-61.423208
1.5084e-06,-61.493003
1.50844e-06,-61.3940146
1.50848e-06,-61.5986415
1.50852e-06,-61.4787981
1.50856e-06,-61.4168299
1.5086e-06,-61.6783064
1.50864e-06,-61.4612432
1.50868e-06,-61.4978013
1.50872e-06,-61.4922413
1.50876e-06,-61.5035499
1.5088e-06,-61.8839457
1.50884e-06,-61.5736824
1.50888e-06,-61.4417022
1.50892e-06,-61.5711974
1.50896e-06,-61.6905289
1.509e-06,-61.847854
1.50904e-06,-61.4433627
1.50908e-06,-61.5255987
1.50912e-06,-61.5160895
1.50916e-06,-61.2827389
1.5092e-06,-61.3047453
1.50924e-06,-61.3880802
1.50928e-06,-61.214459
1.50932e-06,-61.54698
1.50936e-06,-61.6152109
1.5094e-06,-61.7183451
1.50944e-06,-61.6959144
1.50948e-06,-61.5683898
1.50952e-06,-61.66193
1.50956e-06,-61.740626
1.5096e-06,-61.5970781
1.50964e-06,-61.4240024
1.50968e-06,-61.4347179
1.50972e-06,-61.3977574
1.50976e-06,-61.7037085
1.5098e-06,-61.4128814
1.50984e-06,-61.70794
1.50988e-06,-61.5867108
1.50992e-06,-61.7788694
1.50996e-06,-61.7402549
1.51e-06,-61.9233912
1.51004e-06,-61.6836999
1.51008e-06,-61.735028
1.51012e-06,-61.7049156
1.51016e-06,-61.8033366
1.5102e-06,-61.8987687
1.51024e-06,-61.7592786
1.51028e-06,-61.5490502
1.51032e-06,-61.7071831
1.51036e-06,-62.0987041
1.5104e-06,-61.9073833
1.51044e-06,-61.6996245
1.51048e-06,-61.916445
1.51052e-06,-61.8351624
1.51056e-06,-62.0456749
1.5106e-06,-61.8721326
1.51064e-06,-61.7864066
1.51068e-06,-61.7352412
1.51072e-06,-61.9250586
1.51076e-06,-61.9295301
1.5108e-06,-61.7565261
1.51084e-06,-61.8440941
1.51088e-06,-62.023944
1.51092e-06,-62.3367621
1.51096e-06,-61.899509
1.511e-06,-61.8328003
1.51104e-06,-61.8937165
1.51108e-06,-61.8885365
1.51112e-06,-62.0486053
1.51116e-06,-61.9856221
1.5112e-06,-61.9522492
1.51124e-06,-62.1151975
1.51128e-06,-62.2108623
1.51132e-06,-62.2389408
1.51136e-06,-61.9764929
1.5114e-06,-62.0284223
1.51144e-06,-61.9354113
1.51148e-06,-62.0108908
1.51152e-06,-62.1651024
1.51156e-06,-61.882611
1.5116e-06,-62.0772406
1.51164e-06,-61.9169836
1.51168e-06,-61.8001019
1.51172e-06,-62.2158644
1.51176e-06,-61.9171852
1.5118e-06,-62.2155328
1.51184e-06,-62.3517017
1.51188e-06,-62.3988459
1.51192e-06,-62.4478542
1.51196e-06,-62.3341176
1.512e-06,-61.9545362
1.51204e-06,-62.095557
1.51208e-06,-62.0272676
1.51212e-06,-62.131948
1.51216e-06,-62.0777234
1.5122e-06,-61.7463942
1.51224e-06,-62.3845207
1.51228e-06,-62.3075058
1.51232e-06,-62.5513589
1.51236e-06,-62.4453854
1.5124e-06,-62.0565072
1.51244e-06,-62.410906
1.51248e-06,-62.4331043
1.51252e-06,-62.4319975
1.51256e-06,-62.1190867
1.5126e-06,-62.1758782
1.51264e-06,-62.2306461
1.51268e-06,-62.4537825
1.51272e-06,-62.3527509
1.51276e-06,-62.3577662
1.5128e-06,-62.3797752
1.51284e-06,-62.3673106
1.51288e-06,-62.3436713
1.51292e-06,-62.2141168
1.51296e-06,-62.2767917
1.513e-06,-62.088587
1.51304e-06,-62.0989422
1.51308e-06,-62.3690759
1.51312e-06,-62.3758383
1.51316e-06,-62.0151856
1.5132e-06,-62.4328058
1.51324e-06,-62.4595077
1.51328e-06,-62.4266653
1.51332e-06,-62.2980734
1.51336e-06,-62.1248153
1.5134e-06,-62.189056
1.51344e-06,-62.2325219
1.51348e-06,-62.16874
1.51352e-06,-62.182854
1.51356e-06,-61.8460876
1.5136e-06,-62.2535047
1.51364e-06,-62.4959331
1.51368e-06,-62.2906891
1.51372e-06,-62.4761035
1.51376e-06,-62.4602965
1.5138e-06,-62.4018598
1.51384e-06,-62.854789
1.51388e-06,-62.4356783
1.51392e-06,-62.3237925
1.51396e-06,-62.6184739
1.514e-06,-62.5234152
1.51404e-06,-62.6690031
1.51408e-06,-62.4230014
1.51412e-06,-62.5357923
1.51416e-06,-62.2649104
1.5142e-06,-62.7101504
1.51424e-06,-62.6935023
1.51428e-06,-62.5179985
1.51432e-06,-62.2314932
1.51436e-06,-62.5952578
1.5144e-06,-62.7365384
1.51444e-06,-62.5353716
1.51448e-06,-62.5198746
1.51452e-06,-62.2684291
1.51456e-06,-62.3252711
1.5146e-06,-62.6470276
1.51464e-06,-62.3376805
1.51468e-06,-62.602623
1.51472e-06,-62.4344108
1.51476e-06,-62.7475084
1.5148e-06,-62.6549395
1.51484e-06,-62.4729627
1.51488e-06,-62.3726131
1.51492e-06,-62.3710162
1.51496e-06,-62.6815137
1.515e-06,-62.7368623
1.51504e-06,-62.9452406
1.51508e-06,-62.4325504
1.51512e-06,-62.5336573
1.51516e-06,-62.8147598
1.5152e-06,-62.5770677
1.51524e-06,-62.5182177
1.51528e-06,-62.3401269
1.51532e-06,-62.5235017
1.51536e-06,-62.9336868
1.5154e-06,-62.5962349
1.51544e-06,-62.667307
1.51548e-06,-62.6492663
1.51552e-06,-62.7388527
1.51556e-06,-62.9011062
1.5156e-06,-62.7869453
1.51564e-06,-62.49068
1.51568e-06,-62.5388417
1.51572e-06,-62.5361795
1.51576e-06,-62.7109326
1.5158e-06,-62.6035463
1.51584e-06,-62.3261631
1.51588e-06,-62.502348
1.51592e-06,-62.6278229
1.51596e-06,-62.637507
1.516e-06,-62.6156397
1.51604e-06,-62.3227455
1.51608e-06,-62.5739793
1.51612e-06,-62.9027511
1.51616e-06,-62.6797306
1.5162e-06,-62.5505182
1.51624e-06,-62.3801164
1.51628e-06,-62.5046192
1.51632e-06,-62.9278382
1.51636e-06,-62.5624152
1.5164e-06,-62.4031138
1.51644e-06,-62.4790333
1.51648e-06,-62.5995559
1.51652e-06,-62.9631102
1.51656e-06,-62.6834044
1.5166e-06,-62.7319318
1.51664e-06,-62.9177876
1.51668e-06,-63.0584416
1.51672e-06,-62.7438556
1.51676e-06,-62.7832258
1.5168e-06,-62.7328131
1.51684e-06,-62.996777
1.51688e-06,-62.9814819
1.51692e-06,-62.576661
1.51696e-06,-62.4996165
1.517e-06,-62.5876524
1.51704e-06,-62.4854935
1.51708e-06,-62.7397575
1.51712e-06,-62.7797668
1.51716e-06,-62.3883724
1.5172e-06,-62.9108841
1.51724e-06,-63.1260256
1.51728e-06,-62.9595541
1.51732e-06,-62.9008058
1.51736e-06,-62.5952621
1.5174e-06,-62.7875158
1.51744e-06,-63.3049926
1.51748e-06,-62.7199966
1.51752e-06,-62.7179774
1.51756e-06,-62.6898771
1.5176e-06,-62.9558484
1.51764e-06,-62.8872768
1.51768e-06,-62.8140312
1.51772e-06,-62.517662
1.51776e-06,-63.0104868
1.5178e-06,-63.0569068
1.51784e-06,-62.8482953
1.51788e-06,-62.7500544
1.51792e-06,-62.6555934
1.51796e-06,-62.9577725
1.518e-06,-63.0070503
1.51804e-06,-62.8559591
1.51808e-06,-62.7942919
1.51812e-06,-62.6457159
1.51816e-06,-62.7666571
1.5182e-06,-62.6881354
1.51824e-06,-62.8759933
1.51828e-06,-62.750533
1.51832e-06,-62.7489545
1.51836e-06,-63.0435453
1.5184e-06,-62.8805961
1.51844e-06,-63.0330958
1.51848e-06,-62.952515
1.51852e-06,-63.1360128
1.51856e-06,-63.0449798
1.5186e-06,-62.9700887
1.51864e-06,-62.7420781
1.51868e-06,-63.1140831
1.51872e-06,-62.9815713
1.51876e-06,-62.7909974
1.5188e-06,-62.89027
1.51884e-06,-62.7192858
1.51888e-06,-62.5746642
1.51892e-06,-63.020642
1.51896e-06,-62.8873059
1.519e-06,-62.824158
1.51904e-06,-63.0893074
1.51908e-06,-63.0230164
1.51912e-06,-63.2314701
1.51916e-06,-63.1717518
1.5192e-06,-62.9331025
1.51924e-06,-63.0852307
1.51928e-06,-63.3067283
1.51932e-06,-63.2124752
1.51936e-06,-63.1326692
1.5194e-06,-63.0885127
1.51944e-06,-63.2842698
1.51948e-06,-63.5281519
1.51952e-06,-63.4423537
1.51956e-06,-63.2964275
1.5196e-06,-63.5133283
1.51964e-06,-63.2196718
1.51968e-06,-63.3479791
1.51972e-06,-63.4478721
1.51976e-06,-62.9643728
1.5198e-06,-63.0276966
1.51984e-06,-63.177063
1.51988e-06,-63.1934249
1.51992e-06,-62.9153273
1.51996e-06,-62.683749
1.52e-06,-63.0542412
1.52004e-06,-63.1126986
1.52008e-06,-62.9244927
1.52012e-06,-62.8191125
1.52016e-06,-63.0338211
1.5202e-06,-63.0815097
1.52024e-06,-63.3284092
1.52028e-06,-63.0779999
1.52032e-06,-62.7788075
1.52036e-06,-63.1112565
1.5204e-06,-63.0400785
1.52044e-06,-63.1356218
1.52048e-06,-63.193334
1.52052e-06,-62.9853978
1.52056e-06,-63.0335346
1.5206e-06,-63.2859167
1.52064e-06,-63.0136876
1.52068e-06,-63.1657024
1.52072e-06,-63.0392651
1.52076e-06,-62.9520373
1.5208e-06,-63.4205756
1.52084e-06,-63.1694555
1.52088e-06,-62.9311736
1.52092e-06,-63.3976868
1.52096e-06,-63.1591811
1.521e-06,-63.1162819
1.52104e-06,-63.2391249
1.52108e-06,-62.9798606
1.52112e-06,-63.2974489
1.52116e-06,-63.4219677
1.5212e-06,-63.2091407
1.52124e-06,-63.2201242
1.52128e-06,-63.5263958
1.52132e-06,-63.466428
1.52136e-06,-63.8983155
1.5214e-06,-63.5218481
1.52144e-06,-63.2027001
1.52148e-06,-63.4006178
1.52152e-06,-63.1758419
1.52156e-06,-63.3195507
1.5216e-06,-63.2580622
1.52164e-06,-63.0729437
1.52168e-06,-63.6202903
1.52172e-06,-63.4413168
1.52176e-06,-63.157105
1.5218e-06,-63.5107648
1.52184e-06,-63.5309502
1.52188e-06,-63.6525812
1.52192e-06,-63.5230642
1.52196e-06,-63.2058264
1.522e-06,-62.844787
1.52204e-06,-63.0729789
1.52208e-06,-63.1598472
1.52212e-06,-63.2026938
1.52216e-06,-63.0808854
1.5222e-06,-62.6811129
1.52224e-06,-63.2623818
1.52228e-06,-63.2907444
1.52232e-06,-62.9891806
1.52236e-06,-63.2298607
1.5224e-06,-63.0208974
1.52244e-06,-63.3861663
1.52248e-06,-63.5354702
1.52252e-06,-63.4756292
1.52256e-06,-63.1789383
1.5226e-06,-63.7078638
1.52264e-06,-63.7753778
1.52268e-06,-63.7777762
1.52272e-06,-63.6215957
1.52276e-06,-63.2679899
1.5228e-06,-63.514979
1.52284e-06,-63.5089175
1.52288e-06,-63.5738636
1.52292e-06,-63.5105431
1.52296e-06,-63.0755461
1.523e-06,-63.4798725
1.52304e-06,-63.7589566
1.52308e-06,-63.6196334
1.52312e-06,-63.2893009
1.52316e-06,-62.9893315
1.5232e-06,-63.2554301
1.52324e-06,-63.5167704
1.52328e-06,-63.1179049
1.52332e-06,-63.0080533
1.52336e-06,-62.8815007
1.5234e-06,-63.1127203
1.52344e-06,-63.0994683
1.52348e-06,-63.2546127
1.52352e-06,-63.2471492
1.52356e-06,-63.4500606
1.5236e-06,-63.4933821
1.52364e-06,-63.7113424
1.52368e-06,-63.5529311
1.52372e-06,-63.1246476
1.52376e-06,-63.2298758
1.5238e-06,-63.601936
1.52384e-06,-63.5092752
1.52388e-06,-63.5250793
1.52392e-06,-63.1965571
1.52396e-06,-63.2786919
1.524e-06,-63.5837145
1.52404e-06,-63.3400534
1.52408e-06,-63.4090668
1.52412e-06,-63.3262158
1.52416e-06,-63.4079278
1.5242e-06,-63.6846812
1.52424e-06,-63.6192946
1.52428e-06,-63.6666172
1.52432e-06,-63.6929208
1.52436e-06,-63.6223914
1.5244e-06,-63.6102339
1.52444e-06,-63.7168699
1.52448e-06,-63.0221157
1.52452e-06,-63.8517161
1.52456e-06,-63.7224142
1.5246e-06,-63.6060563
1.52464e-06,-63.6651932
1.52468e-06,-63.3879411
1.52472e-06,-63.7466327
1.52476e-06,-64.0377758
1.5248e-06,-63.7815994
1.52484e-06,-63.4587888
1.52488e-06,-63.7572301
1.52492e-06,-63.9727074
1.52496e-06,-64.0440413
1.525e-06,-63.9285729
1.52504e-06,-63.4472143
1.52508e-06,-63.7515351
1.52512e-06,-63.9909196
1.52516e-06,-63.9191535
1.5252e-06,-63.919911
1.52524e-06,-63.5947736
1.52528e-06,-63.9033681
1.52532e-06,-63.7577158
1.52536e-06,-63.8321194
1.5254e-06,-63.4622244
1.52544e-06,-63.3586512
1.52548e-06,-63.476634
1.52552e-06,-63.8165464
1.52556e-06,-63.8611584
1.5256e-06,-63.3637184
1.52564e-06,-63.8290501
1.52568e-06,-63.505293
1.52572e-06,-63.4468136
1.52576e-06,-63.739992
1.5258e-06,-63.2258252
1.52584e-06,-63.8403225
1.52588e-06,-63.682431
1.52592e-06,-63.7660485
1.52596e-06,-63.7763591
1.526e-06,-63.6025957
1.52604e-06,-63.7585808
1.52608e-06,-63.8735519
1.52612e-06,-63.5322766
1.52616e-06,-63.7883662
1.5262e-06,-63.6556286
1.52624e-06,-63.7534291
1.52628e-06,-63.8855573
1.52632e-06,-63.6021969
1.52636e-06,-63.3782697
1.5264e-06,-63.6099815
1.52644e-06,-63.7761932
1.52648e-06,-63.6206553
1.52652e-06,-63.639786
1.52656e-06,-63.5487054
1.5266e-06,-63.8631934
1.52664e-06,-63.9382203
1.52668e-06,-64.0047331
1.52672e-06,-63.947649
1.52676e-06,-63.8001603
1.5268e-06,-64.020165
1.52684e-06,-64.06225
1.52688e-06,-63.9813137
1.52692e-06,-63.8520075
1.52696e-06,-63.7533165
1.527e-06,-64.1437357
1.52704e-06,-63.9189135
1.52708e-06,-63.8811182
1.52712e-06,-63.6516846
1.52716e-06,-63.7794512
1.5272e-06,-64.0475629
1.52724e-06,-64.1881859
1.52728e-06,-63.8245204
1.52732e-06,-63.6868075
1.52736e-06,-63.8524754
1.5274e-06,-63.8549098
1.52744e-06,-63.883652
1.52748e-06,-63.9310072
1.52752e-06,-63.6317413
1.52756e-06,-63.7481288
1.5276e-06,-64.0850488
1.52764e-06,-63.8968115
1.52768e-06,-63.7734235
1.52772e-06,-63.7641064
1.52776e-06,-64.0858725
1.5278e-06,-64.0333008
1.52784e-06,-64.0225404
1.52788e-06,-63.8587326
1.52792e-06,-63.7670944
1.52796e-06,-64.0470354
1.528e-06,-64.1391697
1.52804e-06,-64.1096342
1.52808e-06,-63.7283061
1.52812e-06,-64.3983339
1.52816e-06,-64.2040404
1.5282e-06,-64.4480221
1.52824e-06,-63.9422367
1.52828e-06,-63.8612505
1.52832e-06,-63.8929873
1.52836e-06,-64.0332068
1.5284e-06,-63.9772275
1.52844e-06,-63.8864739
1.52848e-06,-63.9941361
1.52852e-06,-64.1748627
1.52856e-06,-64.1753288
1.5286e-06,-63.9601384
1.52864e-06,-63.8748339
1.52868e-06,-64.084137
1.52872e-06,-64.0848197
1.52876e-06,-64.0680873
1.5288e-06,-64.1453424
1.52884e-06,-63.6217265
1.52888e-06,-63.9000433
1.52892e-06,-64.0960173
1.52896e-06,-63.6172045
1.529e-06,-63.8228277
1.52904e-06,-64.0154793
1.52908e-06,-64.3176279
1.52912e-06,-64.1460838
1.52916e-06,-64.435475
1.5292e-06,-64.1495472
1.52924e-06,-64.5844234
1.52928e-06,-64.3981351
1.52932e-06,-64.192858
1.52936e-06,-64.4996675
1.5294e-06,-64.3750978
1.52944e-06,-64.5209398
1.52948e-06,-64.4299851
1.52952e-06,-64.6048541
1.52956e-06,-64.2454661
1.5296e-06,-64.3878768
1.52964e-06,-64.2526189
1.52968e-06,-63.998057
1.52972e-06,-64.4248793
1.52976e-06,-63.9206667
1.5298e-06,-64.2526327
1.52984e-06,-64.3291669
1.52988e-06,-63.7909078
1.52992e-06,-63.8005713
1.52996e-06,-63.8907828
1.53e-06,-63.9905595
1.53004e-06,-64.0697131
1.53008e-06,-64.0318769
1.53012e-06,-63.7981784
1.53016e-06,-63.8824152
1.5302e-06,-64.0943017
1.53024e-06,-64.1806421
1.53028e-06,-64.2746226
1.53032e-06,-63.8097434
1.53036e-06,-64.4344859
1.5304e-06,-64.0119427
1.53044e-06,-64.2864299
1.53048e-06,-64.2276833
1.53052e-06,-63.7746618
1.53056e-06,-64.3477176
1.5306e-06,-64.2277834
1.53064e-06,-64.1111719
1.53068e-06,-63.8523545
1.53072e-06,-63.991795
1.53076e-06,-64.1979437
1.5308e-06,-64.399116
1.53084e-06,-64.7320003
1.53088e-06,-64.0704348
1.53092e-06,-64.838002
1.53096e-06,-64.607451
1.531e-06,-64.3032108
1.53104e-06,-64.5887236
1.53108e-06,-64.4858876
1.53112e-06,-64.7106703
1.53116e-06,-64.6199559
1.5312e-06,-64.5084453
1.53124e-06,-64.0756165
1.53128e-06,-64.1055884
1.53132e-06,-64.3120037
1.53136e-06,-64.3635364
1.5314e-06,-64.1637355
1.53144e-06,-63.9697211
1.53148e-06,-64.0392036
1.53152e-06,-64.2419603
1.53156e-06,-64.2361148
1.5316e-06,-64.4430344
1.53164e-06,-64.0393697
1.53168e-06,-64.3837132
1.53172e-06,-64.3726662
1.53176e-06,-64.4602853
1.5318e-06,-64.2723961
1.53184e-06,-64.4389419
1.53188e-06,-64.3551675
1.53192e-06,-64.5380107
1.53196e-06,-64.3695536
1.532e-06,-64.2700091
1.53204e-06,-64.4903266
1.53208e-06,-64.4551819
1.53212e-06,-64.6228292
1.53216e-06,-63.9868405
1.5322e-06,-64.611202
1.53224e-06,-64.4204053
1.53228e-06,-64.3387985
1.53232e-06,-64.5594155
1.53236e-06,-64.1450085
1.5324e-06,-64.408983
1.53244e-06,-64.5041431
1.53248e-06,-64.6423603
1.53252e-06,-64.1643365
1.53256e-06,-64.3845041
1.5326e-06,-64.4210341
1.53264e-06,-64.5677128
1.53268e-06,-64.8019386
1.53272e-06,-64.3626501
1.53276e-06,-64.5871931
1.5328e-06,-64.6268916
1.53284e-06,-64.5710164
1.53288e-06,-64.6204675
1.53292e-06,-64.315813
1.53296e-06,-64.428502
1.533e-06,-64.3099365
1.53304e-06,-64.3313593
1.53308e-06,-64.4771962
1.53312e-06,-64.4925793
1.53316e-06,-64.7892242
1.5332e-06,-64.6670945
1.53324e-06,-64.2008531
1.53328e-06,-64.6429015
1.53332e-06,-64.360406
1.53336e-06,-64.4108404
1.5334e-06,-64.7455813
1.53344e-06,-64.0410755
1.53348e-06,-64.6334189
1.53352e-06,-64.4723338
1.53356e-06,-64.7938606
1.5336e-06,-63.9519775
1.53364e-06,-64.4423038
1.53368e-06,-64.3090433
1.53372e-06,-64.6345584
1.53376e-06,-64.5481633
1.5338e-06,-64.1529246
1.53384e-06,-64.3132151
1.53388e-06,-64.7902034
1.53392e-06,-64.5428006
1.53396e-06,-64.169397
1.534e-06,-64.4000926
1.53404e-06,-64.4745236
1.53408e-06,-64.5429815
1.53412e-06,-64.6384813
1.53416e-06,-64.4332484
1.5342e-06,-64.758861
1.53424e-06,-64.8668914
1.53428e-06,-64.4629818
1.53432e-06,-64.5674634
1.53436e-06,-64.584047
1.5344e-06,-64.8726513
1.53444e-06,-64.897354
1.53448e-06,-64.8185638
1.53452e-06,-64.352004
1.53456e-06,-64.8337377
1.5346e-06,-64.1260844
1.53464e-06,-64.348173
1.53468e-06,-64.4961611
1.53472e-06,-64.2128814
1.53476e-06,-64.6772089
1.5348e-06,-64.8751195
1.53484e-06,-64.944579
1.53488e-06,-64.4185779
1.53492e-06,-64.7210063
1.53496e-06,-64.543749
1.535e-06,-64.6169165
1.53504e-06,-64.6922517
1.53508e-06,-64.0700492
1.53512e-06,-64.5362963
1.53516e-06,-64.4576826
1.5352e-06,-64.4671126
1.53524e-06,-64.0909242
1.53528e-06,-64.632959
1.53532e-06,-64.3687417
1.53536e-06,-64.7167559
1.5354e-06,-64.6442872
1.53544e-06,-64.5224138
1.53548e-06,-64.9212642
1.53552e-06,-64.9675622
1.53556e-06,-64.9762782
1.5356e-06,-64.5564968
1.53564e-06,-64.3077694
1.53568e-06,-65.0073452
1.53572e-06,-64.5926288
1.53576e-06,-64.6395771
1.5358e-06,-64.4062319
1.53584e-06,-64.6346775
1.53588e-06,-64.6497027
1.53592e-06,-64.6051027
1.53596e-06,-64.6561751
1.536e-06,-64.5117224
1.53604e-06,-64.63012
1.53608e-06,-64.3787417
1.53612e-06,-64.7143143
1.53616e-06,-64.5945207
1.5362e-06,-65.0466969
1.53624e-06,-64.7023058
1.53628e-06,-64.761478
1.53632e-06,-64.6271845
1.53636e-06,-64.684902
1.5364e-06,-64.8952033
1.53644e-06,-64.6958117
1.53648e-06,-65.0033711
1.53652e-06,-64.8000288
1.53656e-06,-65.1594823
1.5366e-06,-64.6852105
1.53664e-06,-64.7715587
1.53668e-06,-64.7937694
1.53672e-06,-64.5569081
1.53676e-06,-64.7727567
1.5368e-06,-64.641823
1.53684e-06,-64.6834826
1.53688e-06,-64.4385718
1.53692e-06,-64.5371008
1.53696e-06,-64.881413
1.537e-06,-64.7582074
1.53704e-06,-64.9225466
1.53708e-06,-64.6095987
1.53712e-06,-64.9606952
1.53716e-06,-64.5681774
1.5372e-06,-64.8569003
1.53724e-06,-64.7289691
1.53728e-06,-64.7171294
1.53732e-06,-64.8870216
1.53736e-06,-64.6565656
1.5374e-06,-64.8815064
1.53744e-06,-64.412722
1.53748e-06,-64.7801512
1.53752e-06,-64.5769915
1.53756e-06,-64.429772
1.5376e-06,-64.5854375
1.53764e-06,-64.7450207
1.53768e-06,-64.5825722
1.53772e-06,-64.6877363
1.53776e-06,-64.998089
1.5378e-06,-64.633244
1.53784e-06,-64.7491034
1.53788e-06,-64.9028955
1.53792e-06,-64.5528498
1.53796e-06,-64.764097
1.538e-06,-64.5952345
1.53804e-06,-64.6386657
1.53808e-06,-64.1468739
1.53812e-06,-64.5507771
1.53816e-06,-64.7435936
1.5382e-06,-64.5439237
1.53824e-06,-65.0582497
1.53828e-06,-64.2495826
1.53832e-06,-64.5597468
1.53836e-06,-64.3752531
1.5384e-06,-64.2551764
1.53844e-06,-64.631773
1.53848e-06,-64.5787494
1.53852e-06,-64.4811586
1.53856e-06,-64.2526996
1.5386e-06,-64.7940511
1.53864e-06,-64.1920842
1.53868e-06,-64.3740764
1.53872e-06,-64.1225865
1.53876e-06,-64.4955525
1.5388e-06,-64.6339231
1.53884e-06,-64.4692945
1.53888e-06,-64.7636753
1.53892e-06,-64.6904561
1.53896e-06,-64.534291
1.539e-06,-64.5021274
1.53904e-06,-64.6269865
1.53908e-06,-64.4770475
1.53912e-06,-64.5210087
1.53916e-06,-64.8423708
1.5392e-06,-64.3174113
1.53924e-06,-64.5213517
1.53928e-06,-64.2694241
1.53932e-06,-64.2892391
1.53936e-06,-64.5787578
1.5394e-06,-64.1064829
1.53944e-06,-64.9106342
1.53948e-06,-64.8926192
1.53952e-06,-64.4927409
1.53956e-06,-64.4380903
1.5396e-06,-64.7468086
1.53964e-06,-64.7706667
1.53968e-06,-64.7570573
1.53972e-06,-64.8879851
1.53976e-06,-64.5880353
1.5398e-06,-64.8579017
1.53984e-06,-64.5924245
1.53988e-06,-64.5750152
1.53992e-06,-64.6901176
1.53996e-06,-64.4594631
1.54e-06,-64.7854236
1.54004e-06,-64.5618443
1.54008e-06,-64.5555097
1.54012e-06,-64.3987192
1.54016e-06,-64.7254026
1.5402e-06,-64.6432078
1.54024e-06,-64.535528
1.54028e-06,-64.2830008
1.54032e-06,-64.0961667
1.54036e-06,-64.3106825
1.5404e-06,-64.6963589
1.54044e-06,-64.446546
1.54048e-06,-64.5447911
1.54052e-06,-64.4072015
1.54056e-06,-64.9191008
1.5406e-06,-64.5875126
1.54064e-06,-64.9487281
1.54068e-06,-64.1345883
1.54072e-06,-64.5245622
1.54076e-06,-64.520596
1.5408e-06,-63.9583067
1.54084e-06,-64.4045515
1.54088e-06,-64.2877943
1.54092e-06,-64.5539405
1.54096e-06,-64.8490183
1.541e-06,-64.6823543
1.54104e-06,-64.4766468
1.54108e-06,-64.4944676
1.54112e-06,-64.4596319
1.54116e-06,-64.7553787
1.5412e-06,-64.8421321
1.54124e-06,-64.4270395
1.54128e-06,-64.8493692
1.54132e-06,-65.1271156
1.54136e-06,-64.7830252
1.5414e-06,-64.5515624
1.54144e-06,-64.7206843
1.54148e-06,-64.6282318
1.54152e-06,-64.8134433
1.54156e-06,-64.4203189
1.5416e-06,-64.4348514
1.54164e-06,-64.699179
1.54168e-06,-64.5909408
1.54172e-06,-64.8822975
1.54176e-06,-64.8582276
1.5418e-06,-64.2933946
1.54184e-06,-64.6128595
1.54188e-06,-64.4444901
1.54192e-06,-64.7233714
1.54196e-06,-64.6280816
1.542e-06,-64.5288266
1.54204e-06,-64.6152597
1.54208e-06,-65.0922487
1.54212e-06,-64.7060541
1.54216e-06,-64.7663746
1.5422e-06,-65.0544094
1.54224e-06,-64.8585607
1.54228e-06,-64.8439703
1.54232e-06,-64.9752
1.54236e-06,-64.0354009
1.5424e-06,-64.8737795
1.54244e-06,-65.0821955
1.54248e-06,-64.9460577
1.54252e-06,-64.9363711
1.54256e-06,-64.5754051
1.5426e-06,-64.7798828
1.54264e-06,-65.0393005
1.54268e-06,-64.8651414
1.54272e-06,-64.5679806
1.54276e-06,-64.8780719
1.5428e-06,-64.8989386
1.54284e-06,-64.7036042
1.54288e-06,-64.8925475
1.54292e-06,-64.6116963
1.54296e-06,-64.8536369
1.543e-06,-65.4029982
1.54304e-06,-65.0366872
1.54308e-06,-64.5189203
1.54312e-06,-64.8793657
1.54316e-06,-64.975372
1.5432e-06,-64.7244392
1.54324e-06,-65.032381
1.54328e-06,-64.4715402
1.54332e-06,-64.5891774
1.54336e-06,-64.9736411
1.5434e-06,-64.4699547
1.54344e-06,-64.6504651
1.54348e-06,-64.6813447
1.54352e-06,-64.9025442
1.54356e-06,-64.932295
1.5436e-06,-65.0672609
1.54364e-06,-64.7013303
1.54368e-06,-64.9732333
1.54372e-06,-65.3929998
1.54376e-06,-65.0925637
1.5438e-06,-64.9977623
1.54384e-06,-64.8711925
1.54388e-06,-64.8486174
1.54392e-06,-64.6980721
1.54396e-06,-65.0018081
1.544e-06,-64.5771702
1.54404e-06,-64.8192369
1.54408e-06,-65.2958423
1.54412e-06,-65.0129976
1.54416e-06,-64.9110873
1.5442e-06,-64.6348347
1.54424e-06,-64.7532868
1.54428e-06,-64.8754415
1.54432e-06,-64.787899
1.54436e-06,-64.4538918
1.5444e-06,-65.1264044
1.54444e-06,-64.9189249
1.54448e-06,-64.7594063
1.54452e-06,-64.8945448
1.54456e-06,-64.3535504
1.5446e-06,-65.0017876
1.54464e-06,-64.8233791
1.54468e-06,-64.932392
1.54472e-06,-64.2235076
1.54476e-06,-65.1000643
1.5448e-06,-64.973019
1.54484e-06,-64.9562137
1.54488e-06,-64.8811389
1.54492e-06,-64.6165232
1.54496e-06,-64.7277278
1.545e-06,-65.0822393
1.54504e-06,-64.9437332
1.54508e-06,-64.5034064
1.54512e-06,-64.876146
1.54516e-06,-65.1323354
1.5452e-06,-64.8319648
1.54524e-06,-64.9263311
1.54528e-06,-64.5554771
1.54532e-06,-64.6456666
1.54536e-06,-65.0166043
1.5454e-06,-64.6842594
1.54544e-06,-64.4835023
1.54548e-06,-65.1566461
1.54552e-06,-64.7581158
1.54556e-06,-65.0143371
1.5456e-06,-64.8862362
1.54564e-06,-64.7180881
1.54568e-06,-64.5246029
1.54572e-06,-65.3840255
1.54576e-06,-64.7859992
1.5458e-06,-64.4746835
1.54584e-06,-64.4762344
1.54588e-06,-64.7011338
1.54592e-06,-65.0615954
1.54596e-06,-64.8141041
1.546e-06,-64.9028092
1.54604e-06,-64.7165097
1.54608e-06,-65.4852257
1.54612e-06,-64.6814829
1.54616e-06,-64.461986
1.5462e-06,-64.8714225
1.54624e-06,-64.9048006
1.54628e-06,-64.4425386
1.54632e-06,-64.4930655
1.54636e-06,-64.0985284
1.5464e-06,-64.3565886
1.54644e-06,-64.5722827
1.54648e-06,-63.9930064
1.54652e-06,-64.039545
1.54656e-06,-64.0198772
1.5466e-06,-64.2868175
1.54664e-06,-64.3251173
1.54668e-06,-64.1895981
1.54672e-06,-64.1448233
1.54676e-06,-64.1924635
1.5468e-06,-64.5556203
1.54684e-06,-64.0337299
1.54688e-06,-64.0717604
1.54692e-06,-64.1594706
1.54696e-06,-64.6277869
1.547e-06,-63.9200264
1.54704e-06,-63.8919074
1.54708e-06,-64.0414707
1.54712e-06,-63.9649897
1.54716e-06,-64.1410725
1.5472e-06,-63.7893393
1.54724e-06,-63.526307
1.54728e-06,-63.8613348
1.54732e-06,-64.0684857
1.54736e-06,-63.8214939
1.5474e-06,-63.2527911
1.54744e-06,-63.4129514
1.54748e-06,-63.9076241
1.54752e-06,-63.4833535
1.54756e-06,-63.5656967
1.5476e-06,-63.3992596
1.54764e-06,-63.3584102
1.54768e-06,-64.0361863
1.54772e-06,-63.5520825
1.54776e-06,-63.08514
1.5478e-06,-63.6602616
1.54784e-06,-63.9280349
1.54788e-06,-63.8193869
1.54792e-06,-63.2089339
1.54796e-06,-63.3378011
1.548e-06,-63.5649105
1.54804e-06,-63.7926878
1.54808e-06,-63.6198983
1.54812e-06,-62.8815612
1.54816e-06,-63.5470156
1.5482e-06,-63.6987637
1.54824e-06,-63.6501881
1.54828e-06,-63.3350606
1.54832e-06,-63.6372549
1.54836e-06,-63.7721486
1.5484e-06,-63.7224053
1.54844e-06,-63.5475066
1.54848e-06,-63.4371673
1.54852e-06,-63.5428065
1.54856e-06,-63.8809047
1.5486e-06,-63.8585068
1.54864e-06,-63.2866758
1.54868e-06,-63.8038586
1.54872e-06,-63.5917222
1.54876e-06,-63.4150251
1.5488e-06,-63.2327505
1.54884e-06,-62.9262533
1.54888e-06,-63.3526276
1.54892e-06,-63.8851387
1.54896e-06,-63.1644682
1.549e-06,-62.3936747
1.54904e-06,-62.8691613
1.54908e-06,-62.492739
1.54912e-06,-61.9612743
1.54916e-06,-60.8927237
1.5492e-06,-59.8252808
1.54924e-06,-58.5158606
1.54928e-06,-57.2043171
1.54932e-06,-55.0278803
1.54936e-06,-51.7509482
1.5494e-06,-45.2630524
1.54944e-06,-38.4660049
1.54948e-06,-29.8307397
1.54952e-06,-24.0889958
1.54956e-06,-13.6618463
1.5496e-06,-2.92850378
1.54964e-06,-2.2837182
1.54968e-06,-2.67091674
1.54972e-06,-10.8531532
1.54976e-06,-25.0837705
1.5498e-06,-31.9925873
1.54984e-06,-35.582051
1.54988e-06,-39.5262223
1.54992e-06,-46.9220489
1.54996e-06,-55.089233
1.55e-06,-58.2938237
1.55004e-06,-60.0676795
1.55008e-06,-60.7501586
1.55012e-06,-61.7686592
1.55016e-06,-63.0698819
1.5502e-06,-62.7593416
1.55024e-06,-62.4712376
1.55028e-06,-63.0577056
1.55032e-06,-63.7900913
1.55036e-06,-63.4156702
1.5504e-06,-63.2322266
1.55044e-06,-63.5594883
1.55048e-06,-63.3939746
1.55052e-06,-63.7334879
1.55056e-06,-63.6550628
1.5506e-06,-63.3148848
1.55064e-06,-63.4397782
1.55068e-06,-64.1693393
1.55072e-06,-63.7702502
1.55076e-06,-63.4632055
1.5508e-06,-63.7425525
1.55084e-06,-63.900145
1.55088e-06,-64.0352703
1.55092e-06,-63.7686597
1.55096e-06,-63.3047633
1.551e-06,-63.5934784
1.55104e-06,-64.1822914
1.55108e-06,-63.5595333
1.55112e-06,-63.6116903
1.55116e-06,-63.8022904
1.5512e-06,-64.3288486
1.55124e-06,-64.1222048
1.55128e-06,-64.0894029
1.55132e-06,-63.6198152
1.55136e-06,-64.1555899
1.5514e-06,-64.491325
1.55144e-06,-63.6491451
1.55148e-06,-63.5298884
1.55152e-06,-63.928561
1.55156e-06,-64.273295
1.5516e-06,-63.9671153
1.55164e-06,-63.8818754
1.55168e-06,-63.8873763
1.55172e-06,-64.0313564
1.55176e-06,-64.4379542
1.5518e-06,-64.0170352
1.55184e-06,-63.4746739
1.55188e-06,-63.8413126
1.55192e-06,-63.9877094
1.55196e-06,-63.8830438
1.552e-06,-63.8327079
1.55204e-06,-64.0318287
1.55208e-06,-64.0776643
1.55212e-06,-64.3418574
1.55216e-06,-64.2903699
1.5522e-06,-63.8509293
1.55224e-06,-64.0324828
1.55228e-06,-64.5870922
1.55232e-06,-64.590233
1.55236e-06,-64.2443374
1.5524e-06,-64.2892513
1.55244e-06,-64.2889849
1.55248e-06,-65.0457185
1.55252e-06,-64.3860553
1.55256e-06,-64.1487309
1.5526e-06,-64.4567304
1.55264e-06,-64.2470424
1.55268e-06,-64.2897704
1.55272e-06,-64.2079809
1.55276e-06,-64.1374775
1.5528e-06,-64.4744905
1.55284e-06,-64.6259796
1.55288e-06,-64.4420765
1.55292e-06,-64.5346177
1.55296e-06,-64.5931915
1.553e-06,-65.0996836
1.55304e-06,-64.9045432
1.55308e-06,-64.8245356
1.55312e-06,-64.9220993
1.55316e-06,-65.161031
1.5532e-06,-65.4055588
1.55324e-06,-64.7686379
1.55328e-06,-64.5743011
1.55332e-06,-64.9796995
1.55336e-06,-65.0470041
1.5534e-06,-65.3577105
1.55344e-06,-64.798972
1.55348e-06,-64.7447156
1.55352e-06,-64.8690569
1.55356e-06,-65.5890277
1.5536e-06,-65.2172947
1.55364e-06,-65.0511585
1.55368e-06,-65.1155988
1.55372e-06,-64.9635473
1.55376e-06,-64.9937077
1.5538e-06,-64.9375914
1.55384e-06,-65.0068751
1.55388e-06,-64.9334049
1.55392e-06,-65.3140073
1.55396e-06,-65.186491
1.554e-06,-65.4896482
1.55404e-06,-65.0867678
1.55408e-06,-65.3216752
1.55412e-06,-65.3542711
1.55416e-06,-65.2959522
1.5542e-06,-64.8576753
1.55424e-06,-64.7353628
1.55428e-06,-65.6300973
1.55432e-06,-65.135651
1.55436e-06,-64.8283829
1.5544e-06,-65.1606382
1.55444e-06,-65.503738
1.55448e-06,-65.6193108
1.55452e-06,-65.3746214
1.55456e-06,-65.2964631
1.5546e-06,-65.2242107
1.55464e-06,-65.785499
1.55468e-06,-65.3293604
1.55472e-06,-65.5167194
1.55476e-06,-65.4777909
1.5548e-06,-65.5975936
1.55484e-06,-65.5682148
1.55488e-06,-65.5948854
1.55492e-06,-65.2225057
1.55496e-06,-65.0984837
1.555e-06,-65.9980538
1.55504e-06,-65.3111578
1.55508e-06,-65.0473214
1.55512e-06,-65.2003824
1.55516e-06,-65.3043295
1.5552e-06,-65.5267402
1.55524e-06,-65.1218326
1.55528e-06,-65.2292954
1.55532e-06,-65.2541356
1.55536e-06,-65.4961847
1.5554e-06,-65.4599289
1.55544e-06,-65.5319669
1.55548e-06,-65.5247281
1.55552e-06,-65.3586355
1.55556e-06,-65.3920346
1.5556e-06,-65.143401
1.55564e-06,-65.417883
1.55568e-06,-65.1946992
1.55572e-06,-65.5583822
1.55576e-06,-65.2349735
1.5558e-06,-65.3119311
1.55584e-06,-65.2977655
1.55588e-06,-65.364944
1.55592e-06,-65.3086261
1.55596e-06,-65.1798309
1.556e-06,-65.2842538
1.55604e-06,-65.1104852
1.55608e-06,-65.7034606
1.55612e-06,-65.121113
1.55616e-06,-65.3086924
1.5562e-06,-65.2967826
1.55624e-06,-65.5477752
1.55628e-06,-65.6653014
1.55632e-06,-65.2226422
1.55636e-06,-64.9303314
1.5564e-06,-64.9273036
1.55644e-06,-65.3826432
1.55648e-06,-65.0713438
1.55652e-06,-65.0064026
1.55656e-06,-65.0803011
1.5566e-06,-65.5818975
1.55664e-06,-65.5740435
1.55668e-06,-65.6865488
1.55672e-06,-65.0220887
1.55676e-06,-65.4442767
1.5568e-06,-65.7935272
1.55684e-06,-65.6499863
1.55688e-06,-65.5574861
1.55692e-06,-65.2942191
1.55696e-06,-65.5483516
1.557e-06,-65.7113911
1.55704e-06,-65.4193881
1.55708e-06,-65.3052513
1.55712e-06,-65.4427283
1.55716e-06,-66.0120292
1.5572e-06,-65.2552809
1.55724e-06,-65.7770622
1.55728e-06,-65.1965319
1.55732e-06,-65.5403702
1.55736e-06,-65.3935569
1.5574e-06,-65.1103426
1.55744e-06,-64.9818604
1.55748e-06,-65.043187
1.55752e-06,-65.4930229
1.55756e-06,-65.2850246
1.5576e-06,-65.2990426
1.55764e-06,-65.1873119
1.55768e-06,-65.7738174
1.55772e-06,-65.5092579
1.55776e-06,-65.4204569
1.5578e-06,-65.4012934
1.55784e-06,-65.2305129
1.55788e-06,-65.328462
1.55792e-06,-64.9587702
1.55796e-06,-65.4614135
1.558e-06,-65.5827502
1.55804e-06,-65.5408501
1.55808e-06,-65.4185397
1.55812e-06,-65.3051176
1.55816e-06,-65.7240005
1.5582e-06,-65.0957578
1.55824e-06,-65.5193038
1.55828e-06,-65.3102799
1.55832e-06,-65.1779235
1.55836e-06,-65.2483972
1.5584e-06,-65.4625054
1.55844e-06,-65.2557731
1.55848e-06,-65.8986794
1.55852e-06,-65.500475
1.55856e-06,-65.6345372
1.5586e-06,-65.6411951
1.55864e-06,-65.3357289
1.55868e-06,-65.528234
1.55872e-06,-65.3390401
1.55876e-06,-65.4721197
1.5588e-06,-65.4131982
1.55884e-06,-64.999965
1.55888e-06,-65.3459456
1.55892e-06,-65.6334954
1.55896e-06,-65.4560671
1.559e-06,-65.5326567
1.55904e-06,-65.6204158
1.55908e-06,-65.2026051
1.55912e-06,-65.644844
1.55916e-06,-65.1294455
1.5592e-06,-65.2528484
1.55924e-06,-65.2267579
1.55928e-06,-65.8314428
1.55932e-06,-65.2764434
1.55936e-06,-65.624455
1.5594e-06,-65.4714941
1.55944e-06,-65.4642406
1.55948e-06,-66.2048997
1.55952e-06,-65.670727
1.55956e-06,-65.3459627
1.5596e-06,-65.3860283
1.55964e-06,-65.450298
1.55968e-06,-65.2977053
1.55972e-06,-65.4161124
1.55976e-06,-65.0060422
1.5598e-06,-65.6418254
1.55984e-06,-65.4489542
1.55988e-06,-65.6682241
1.55992e-06,-65.6271905
1.55996e-06,-65.5697931
1.56e-06,-65.6760847
1.56004e-06,-65.3125354
1.56008e-06,-65.418489
1.56012e-06,-65.5485558
1.56016e-06,-65.5623349
1.5602e-06,-65.2832854
1.56024e-06,-65.381627
1.56028e-06,-65.3721638
1.56032e-06,-65.5669087
1.56036e-06,-65.561586
1.5604e-06,-65.3870734
1.56044e-06,-65.1359498
1.56048e-06,-65.2869037
1.56052e-06,-65.7741127
1.56056e-06,-64.9691592
1.5606e-06,-65.1755833
1.56064e-06,-65.2974249
1.56068e-06,-65.6222768
1.56072e-06,-65.2619558
1.56076e-06,-65.1038795
1.5608e-06,-65.1474707
1.56084e-06,-65.6438588
1.56088e-06,-65.7889476
1.56092e-06,-65.6792193
1.56096e-06,-65.4950893
1.561e-06,-65.3209143
1.56104e-06,-65.7759463
1.56108e-06,-65.1855068
1.56112e-06,-65.4839935
1.56116e-06,-65.1435775
1.5612e-06,-65.8085424
1.56124e-06,-65.3357321
1.56128e-06,-65.5020477
1.56132e-06,-65.3992129
1.56136e-06,-65.3507588
1.5614e-06,-65.5285855
1.56144e-06,-65.6688793
1.56148e-06,-65.666818
1.56152e-06,-65.1690729
1.56156e-06,-65.5725998
1.5616e-06,-65.4216342
1.56164e-06,-65.495439
1.56168e-06,-65.4047025
1.56172e-06,-65.4978783
1.56176e-06,-65.6077067
1.5618e-06,-65.5217724
1.56184e-06,-65.1656344
1.56188e-06,-65.5502595
1.56192e-06,-65.3440742
1.56196e-06,-65.3384802
1.562e-06,-65.4782213
1.56204e-06,-65.3749875
1.56208e-06,-65.8233274
1.56212e-06,-65.1179718
1.56216e-06,-65.2077482
1.5622e-06,-64.872487
1.56224e-06,-65.9845678
1.56228e-06,-65.2970815
1.56232e-06,-65.5672419
1.56236e-06,-65.7736108
1.5624e-06,-66.0857663
1.56244e-06,-65.5066266
1.56248e-06,-65.6364078
1.56252e-06,-65.2693901
1.56256e-06,-65.6624679
1.5626e-06,-65.604681
1.56264e-06,-65.3837373
1.56268e-06,-65.5110543
1.56272e-06,-65.1207119
1.56276e-06,-65.7711117
1.5628e-06,-65.2727067
1.56284e-06,-65.0628598
1.56288e-06,-65.3723638
1.56292e-06,-65.7074888
1.56296e-06,-65.3839487
1.563e-06,-65.1318215
1.56304e-06,-65.3514366
1.56308e-06,-65.5300202
1.56312e-06,-65.6203797
1.56316e-06,-65.6216829
1.5632e-06,-65.661534
1.56324e-06,-65.3055984
1.56328e-06,-65.6399404
1.56332e-06,-65.4554733
1.56336e-06,-65.3659008
1.5634e-06,-65.2283183
1.56344e-06,-65.879648
1.56348e-06,-65.0795987
1.56352e-06,-65.4525471
1.56356e-06,-65.5084587
1.5636e-06,-65.4026493
1.56364e-06,-65.4325111
1.56368e-06,-65.3980809
1.56372e-06,-65.4743367
1.56376e-06,-65.3831992
1.5638e-06,-65.8922975
1.56384e-06,-65.4747624
1.56388e-06,-65.5892412
1.56392e-06,-65.3268961
1.56396e-06,-65.8688412
1.564e-06,-65.445296
1.56404e-06,-65.7228168
1.56408e-06,-65.7718842
1.56412e-06,-65.7807919
1.56416e-06,-65.7987316
1.5642e-06,-65.3793178
1.56424e-06,-65.3343371
1.56428e-06,-65.358248
1.56432e-06,-65.622765
1.56436e-06,-65.1582896
1.5644e-06,-65.0389191
1.56444e-06,-65.5139068
1.56448e-06,-65.4398853
1.56452e-06,-65.7810369
1.56456e-06,-65.6569602
1.5646e-06,-65.2822696
1.56464e-06,-65.9898069
1.56468e-06,-65.7434829
1.56472e-06,-65.6376299
1.56476e-06,-65.4798
1.5648e-06,-65.3465987
1.56484e-06,-65.6872016
1.56488e-06,-65.1775656
1.56492e-06,-65.3524441
1.56496e-06,-65.345142
1.565e-06,-65.5234521
1.56504e-06,-65.1918108
1.56508e-06,-65.3745021
1.56512e-06,-65.2905257
1.56516e-06,-65.4463172
1.5652e-06,-65.4593043
1.56524e-06,-65.3754553
1.56528e-06,-65.4454192
1.56532e-06,-65.5876573
1.56536e-06,-65.752282
1.5654e-06,-65.6791564
1.56544e-06,-65.6801868
1.56548e-06,-65.5658127
1.56552e-06,-65.8894702
1.56556e-06,-65.6467832
1.5656e-06,-65.6832679
1.56564e-06,-65.7091206
1.56568e-06,-65.9351601
1.56572e-06,-65.3852656
1.56576e-06,-65.3979009
1.5658e-06,-65.4505783
1.56584e-06,-65.1469837
1.56588e-06,-65.5371159
1.56592e-06,-65.2731739
1.56596e-06,-65.3898165
1.566e-06,-65.2528187
1.56604e-06,-65.8325537
1.56608e-06,-65.2728097
1.56612e-06,-65.7165396
1.56616e-06,-65.557231
1.5662e-06,-65.8980252
1.56624e-06,-65.6658485
1.56628e-06,-65.7275309
1.56632e-06,-65.5921458
1.56636e-06,-65.3667647
1.5664e-06,-65.9978597
1.56644e-06,-65.2519248
1.56648e-06,-65.7334835
1.56652e-06,-65.476048
1.56656e-06,-65.9680118
1.5666e-06,-65.496435
1.56664e-06,-65.4317567
1.56668e-06,-65.3469528
1.56672e-06,-65.5390751
1.56676e-06,-65.6037169
1.5668e-06,-65.523991
1.56684e-06,-65.2035921
1.56688e-06,-65.4300583
1.56692e-06,-65.5043703
1.56696e-06,-65.4826679
1.567e-06,-65.8201955
1.56704e-06,-65.7323047
1.56708e-06,-65.7373778
1.56712e-06,-65.9904804
1.56716e-06,-65.6252887
1.5672e-06,-65.9095319
1.56724e-06,-65.305827
1.56728e-06,-65.4808563
1.56732e-06,-65.2570498
1.56736e-06,-65.3437454
1.5674e-06,-65.4928546
1.56744e-06,-65.622609
1.56748e-06,-65.1379872
1.56752e-06,-65.4430621
1.56756e-06,-65.8512633
1.5676e-06,-65.879963
1.56764e-06,-66.2198951
1.56768e-06,-65.6988044
1.56772e-06,-65.7305981
1.56776e-06,-65.7955023
1.5678e-06,-65.9138614
1.56784e-06,-65.56311
1.56788e-06,-65.7183548
1.56792e-06,-65.6832638
1.56796e-06,-65.8307382
1.568e-06,-65.3544841
1.56804e-06,-65.562607
1.56808e-06,-65.7575995
1.56812e-06,-65.5847737
1.56816e-06,-65.8045027
1.5682e-06,-65.668477
1.56824e-06,-65.9844841
1.56828e-06,-65.6373126
1.56832e-06,-65.6849885
1.56836e-06,-65.6947418
1.5684e-06,-65.5102543
1.56844e-06,-65.4940956
1.56848e-06,-65.666806
1.56852e-06,-65.7175972
1.56856e-06,-65.6561728
1.5686e-06,-65.960987
1.56864e-06,-65.1144895
1.56868e-06,-65.7397625
1.56872e-06,-64.8508278
1.56876e-06,-65.5597426
1.5688e-06,-65.2876221
1.56884e-06,-65.809047
1.56888e-06,-65.1138747
1.56892e-06,-65.8036317
1.56896e-06,-65.5771454
1.569e-06,-65.4037597
1.56904e-06,-65.4462952
1.56908e-06,-65.4519464
1.56912e-06,-65.4954074
1.56916e-06,-65.4062812
1.5692e-06,-65.8180364
1.56924e-06,-65.6613345
1.56928e-06,-66.0937482
1.56932e-06,-65.4563853
1.56936e-06,-66.1110031
1.5694e-06,-65.9279608
1.56944e-06,-65.6884088
1.56948e-06,-65.636471
1.56952e-06,-65.5171644
1.56956e-06,-65.6773684
1.5696e-06,-65.5804875
1.56964e-06,-65.605823
1.56968e-06,-65.2758466
1.56972e-06,-65.6782892
1.56976e-06,-65.3810659
1.5698e-06,-65.4115842
1.56984e-06,-65.2281217
1.56988e-06,-65.3536816
1.56992e-06,-65.6618042
1.56996e-06,-65.1002619
1.57e-06,-65.8912384
1.57004e-06,-65.4320541
1.57008e-06,-65.599635
1.57012e-06,-65.314429
1.57016e-06,-65.4460249
1.5702e-06,-65.0002585
1.57024e-06,-65.4003133
1.57028e-06,-65.22423
1.57032e-06,-65.2688064
1.57036e-06,-65.1415358
1.5704e-06,-65.1489417
1.57044e-06,-65.2441776
1.57048e-06,-65.2120498
1.57052e-06,-65.2385283
1.57056e-06,-65.1334982
1.5706e-06,-65.6264599
1.57064e-06,-65.2054025
1.57068e-06,-65.591887
1.57072e-06,-65.4956067
1.57076e-06,-65.4232726
1.5708e-06,-65.5307562
1.57084e-06,-65.2576888
1.57088e-06,-65.7052999
1.57092e-06,-65.5327942
1.57096e-06,-65.1416343
1.571e-06,-65.2658112
1.57104e-06,-65.4321573
1.57108e-06,-65.210676
1.57112e-06,-65.6269649
1.57116e-06,-65.3312848
1.5712e-06,-65.3327657
1.57124e-06,-64.7301995
1.57128e-06,-64.9123149
1.57132e-06,-65.3181215
1.57136e-06,-65.3489266
1.5714e-06,-65.3494391
1.57144e-06,-65.2062762
1.57148e-06,-65.4522787
1.57152e-06,-65.4739882
1.57156e-06,-65.6731515
1.5716e-06,-65.1434331
1.57164e-06,-65.6287738
1.57168e-06,-65.0976771
1.57172e-06,-65.5050239
1.57176e-06,-65.3247701
1.5718e-06,-65.2668513
1.57184e-06,-65.1540129
1.57188e-06,-64.9628939
1.57192e-06,-65.5444716
1.57196e-06,-64.9098774
1.572e-06,-64.6875446
1.57204e-06,-64.7733335
1.57208e-06,-65.5612441
1.57212e-06,-64.8687965
1.57216e-06,-64.8022383
1.5722e-06,-65.0608353
1.57224e-06,-65.1761634
1.57228e-06,-64.7550711
1.57232e-06,-65.2383331
1.57236e-06,-65.0287671
1.5724e-06,-65.16412
1.57244e-06,-64.9584808
1.57248e-06,-64.6954786
1.57252e-06,-65.0187147
1.57256e-06,-64.6719011
1.5726e-06,-65.015359
1.57264e-06,-64.6562475
1.57268e-06,-64.6479207
1.57272e-06,-64.5554384
1.57276e-06,-64.8703675
1.5728e-06,-64.2854813
1.57284e-06,-64.4319881
1.57288e-06,-64.4703775
1.57292e-06,-64.7848465
1.57296e-06,-64.9418648
1.573e-06,-64.8493331
1.57304e-06,-65.1027387
1.57308e-06,-64.5752876
1.57312e-06,-65.4509103
1.57316e-06,-64.9966836
1.5732e-06,-64.9000575
1.57324e-06,-64.7932829
1.57328e-06,-64.9911675
1.57332e-06,-64.7580471
1.57336e-06,-64.8602289
1.5734e-06,-64.5673953
1.57344e-06,-64.6664069
1.57348e-06,-64.4173887
1.57352e-06,-64.8160737
1.57356e-06,-64.7859882
1.5736e-06,-64.5421918
1.57364e-06,-64.8457862
1.57368e-06,-64.7111367
1.57372e-06,-64.5424277
1.57376e-06,-64.6045671
1.5738e-06,-64.7675889
1.57384e-06,-64.149206
1.57388e-06,-64.4620333
1.57392e-06,-64.3930956
1.57396e-06,-64.5088082
1.574e-06,-64.5546995
1.57404e-06,-64.1414118
1.57408e-06,-64.3836105
1.57412e-06,-64.2151412
1.57416e-06,-64.0119598
1.5742e-06,-64.3248057
1.57424e-06,-64.5287343
1.57428e-06,-64.247656
1.57432e-06,-64.2703452
1.57436e-06,-64.3973393
1.5744e-06,-64.4741412
1.57444e-06,-64.429074
1.57448e-06,-64.6210021
1.57452e-06,-64.7474179
1.57456e-06,-64.8620787
1.5746e-06,-64.5274061
1.57464e-06,-64.5962959
1.57468e-06,-65.0190256
1.57472e-06,-64.5691328
1.57476e-06,-64.5682186
1.5748e-06,-64.7491977
1.57484e-06,-64.5752703
1.57488e-06,-64.8929249
1.57492e-06,-64.2196792
1.57496e-06,-64.5021652
1.575e-06,-64.7554478
1.57504e-06,-64.4332886
1.57508e-06,-64.6210502
1.57512e-06,-64.9075352
1.57516e-06,-65.1708387
1.5752e-06,-64.8889986
1.57524e-06,-64.6100854
1.57528e-06,-64.5180664
1.57532e-06,-65.0339475
1.57536e-06,-64.3488076
1.5754e-06,-64.1662298
1.57544e-06,-64.4242914
1.57548e-06,-64.6334276
1.57552e-06,-64.1664271
1.57556e-06,-64.2329956
1.5756e-06,-64.1389891
1.57564e-06,-64.4979439
1.57568e-06,-64.273105
1.57572e-06,-64.2756452
1.57576e-06,-64.4684931
1.5758e-06,-64.439569
1.57584e-06,-64.7754376
1.57588e-06,-64.6068201
1.57592e-06,-64.2657732
1.57596e-06,-64.1669095
1.576e-06,-64.7171904
1.57604e-06,-64.3062708
1.57608e-06,-64.5493288
1.57612e-06,-64.6853076
1.57616e-06,-64.5348074
1.5762e-06,-64.4430433
1.57624e-06,-64.1726509
1.57628e-06,-64.3893587
1.57632e-06,-64.5189809
1.57636e-06,-64.2142881
1.5764e-06,-64.5098144
1.57644e-06,-64.4391282
1.57648e-06,-64.4043751
1.57652e-06,-64.4417422
1.57656e-06,-64.4311813
1.5766e-06,-64.2446731
1.57664e-06,-64.8336633
1.57668e-06,-64.5251364
1.57672e-06,-63.9984894
1.57676e-06,-64.535844
1.5768e-06,-64.4922303
1.57684e-06,-64.3327997
1.57688e-06,-64.2928591
1.57692e-06,-64.2423649
1.57696e-06,-64.4214214
1.577e-06,-64.6119051
1.57704e-06,-64.1789606
1.57708e-06,-64.194569
1.57712e-06,-64.2371975
1.57716e-06,-64.7725268
1.5772e-06,-64.3898295
1.57724e-06,-64.4568215
1.57728e-06,-64.4629871
1.57732e-06,-64.7163711
1.57736e-06,-64.4913257
1.5774e-06,-64.5874737
1.57744e-06,-64.5075741
1.57748e-06,-64.2246829
1.57752e-06,-64.8139688
1.57756e-06,-64.5068003
1.5776e-06,-64.4740194
1.57764e-06,-64.7388695
1.57768e-06,-64.8225023
1.57772e-06,-64.6115322
1.57776e-06,-64.9856085
1.5778e-06,-64.3084034
1.57784e-06,-64.7800895
1.57788e-06,-64.5090432
1.57792e-06,-64.1256699
1.57796e-06,-64.4794107
1.578e-06,-64.6954246
1.57804e-06,-64.2232695
1.57808e-06,-64.849661
1.57812e-06,-64.4912136
1.57816e-06,-64.6060763
1.5782e-06,-64.5695747
1.57824e-06,-64.6433738
1.57828e-06,-64.3806536
1.57832e-06,-64.4729198
1.57836e-06,-64.2726686
1.5784e-06,-64.5554025
1.57844e-06,-64.5995122
1.57848e-06,-64.7024002
1.57852e-06,-64.4307078
1.57856e-06,-64.4368859
1.5786e-06,-64.673626
1.57864e-06,-64.6670809
1.57868e-06,-64.6303588
1.57872e-06,-64.6793097
1.57876e-06,-64.7366098
1.5788e-06,-64.5547348
1.57884e-06,-64.9416269
1.57888e-06,-64.4638608
1.57892e-06,-64.4161436
1.57896e-06,-64.4141217
1.579e-06,-65.042706
1.57904e-06,-64.7886069
1.57908e-06,-64.6506997
1.57912e-06,-64.6283591
1.57916e-06,-64.592786
1.5792e-06,-64.5089863
1.57924e-06,-64.5063497
1.57928e-06,-64.7671909
1.57932e-06,-64.6113319
1.57936e-06,-64.6966804
1.5794e-06,-64.75646
1.57944e-06,-64.6948025
1.57948e-06,-64.5148878
1.57952e-06,-65.0621214
1.57956e-06,-64.7305193
1.5796e-06,-64.9140424
1.57964e-06,-64.8226381
1.57968e-06,-64.774159
1.57972e-06,-64.2957969
1.57976e-06,-64.3679496
1.5798e-06,-64.4529398
1.57984e-06,-64.6315202
1.57988e-06,-64.3798191
1.57992e-06,-64.4515775
1.57996e-06,-64.4901076
1.58e-06,-64.3881481
1.58004e-06,-64.7638354
1.58008e-06,-64.7273781
1.58012e-06,-64.229637
1.58016e-06,-64.6049535
1.5802e-06,-64.9877526
1.58024e-06,-64.2531607
1.58028e-06,-64.3057696
1.58032e-06,-64.4150876
1.58036e-06,-64.885163
1.5804e-06,-64.6087298
1.58044e-06,-64.7959431
1.58048e-06,-64.791456
1.58052e-06,-64.7238804
1.58056e-06,-65.1844389
1.5806e-06,-64.7462206
1.58064e-06,-64.2615604
1.58068e-06,-63.9436964
1.58072e-06,-64.4835327
1.58076e-06,-64.6192547
1.5808e-06,-64.6014031
1.58084e-06,-64.7079222
1.58088e-06,-64.7862201
1.58092e-06,-64.6013928
1.58096e-06,-64.3609257
1.581e-06,-64.71128
1.58104e-06,-64.5657214
1.58108e-06,-64.4641056
1.58112e-06,-64.4325679
1.58116e-06,-64.6454322
1.5812e-06,-64.7031061
1.58124e-06,-64.8715302
1.58128e-06,-64.4134383
1.58132e-06,-64.309861
1.58136e-06,-64.4382218
1.5814e-06,-65.2926439
1.58144e-06,-64.3951672
1.58148e-06,-63.9637995
1.58152e-06,-64.6250979
1.58156e-06,-64.8013709
1.5816e-06,-64.9098442
1.58164e-06,-64.435283
1.58168e-06,-64.9492476
1.58172e-06,-64.8743431
1.58176e-06,-64.5406327
1.5818e-06,-64.5410205
1.58184e-06,-64.4742269
1.58188e-06,-64.7698561
1.58192e-06,-64.8321954
1.58196e-06,-64.6055624
1.582e-06,-64.8622298
1.58204e-06,-64.6083727
1.58208e-06,-65.3559966
1.58212e-06,-65.1556078
1.58216e-06,-64.8198955
1.5822e-06,-64.897603
1.58224e-06,-64.793435
1.58228e-06,-64.5701273
1.58232e-06,-64.0766722
1.58236e-06,-64.2259562
1.5824e-06,-64.3849537
1.58244e-06,-64.5129346
1.58248e-06,-64.6123078
1.58252e-06,-64.5259607
1.58256e-06,-64.9458184
1.5826e-06,-64.8738263
1.58264e-06,-64.675329
1.58268e-06,-64.8204274
1.58272e-06,-64.8442276
1.58276e-06,-65.1456246
1.5828e-06,-64.4562451
1.58284e-06,-64.081059
1.58288e-06,-64.3905647
1.58292e-06,-64.6799918
1.58296e-06,-64.6051418
1.583e-06,-64.1776729
1.58304e-06,-64.3771685
1.58308e-06,-64.8978657
1.58312e-06,-64.7067375
1.58316e-06,-64.4872489
1.5832e-06,-64.8314
1.58324e-06,-64.83786
1.58328e-06,-64.9645374
1.58332e-06,-65.0194727
1.58336e-06,-64.8082181
1.5834e-06,-64.7814053
1.58344e-06,-65.4114943
1.58348e-06,-64.9646364
1.58352e-06,-64.4222652
1.58356e-06,-64.7737212
1.5836e-06,-65.2370068
1.58364e-06,-65.0659868
1.58368e-06,-64.6298063
1.58372e-06,-65.0913627
1.58376e-06,-65.0259494
1.5838e-06,-65.002321
1.58384e-06,-64.5195859
1.58388e-06,-64.5903887
1.58392e-06,-65.0331152
1.58396e-06,-64.239692
1.584e-06,-64.7826574
1.58404e-06,-64.4628096
1.58408e-06,-64.9984895
1.58412e-06,-65.3099446
1.58416e-06,-65.1723607
1.5842e-06,-64.6687449
1.58424e-06,-64.7512887
1.58428e-06,-65.1946466
1.58432e-06,-64.9709828
1.58436e-06,-64.6045005
1.5844e-06,-64.8517661
1.58444e-06,-65.1576258
1.58448e-06,-64.8510571
1.58452e-06,-64.9923318
1.58456e-06,-64.6553666
1.5846e-06,-65.0438329
1.58464e-06,-65.2578805
1.58468e-06,-64.8735184
1.58472e-06,-64.3749579
1.58476e-06,-64.9062108
1.5848e-06,-65.3542551
1.58484e-06,-65.1960511
1.58488e-06,-64.6946374
1.58492e-06,-65.2774921
1.58496e-06,-65.4726856
1.585e-06,-65.2203119
1.58504e-06,-65.2370756
1.58508e-06,-65.4384061
1.58512e-06,-65.1432143
1.58516e-06,-65.2046635
1.5852e-06,-65.2653758
1.58524e-06,-64.9956134
1.58528e-06,-65.0876122
1.58532e-06,-65.183923
1.58536e-06,-65.2039346
1.5854e-06,-64.8622746
1.58544e-06,-65.0669631
1.58548e-06,-65.4404585
1.58552e-06,-65.475555
1.58556e-06,-65.2653544
1.5856e-06,-65.5069363
1.58564e-06,-65.8010806
1.58568e-06,-65.3585665
1.58572e-06,-64.957431
1.58576e-06,-65.457489
1.5858e-06,-65.9391795
1.58584e-06,-65.2678561
1.58588e-06,-65.3095459
1.58592e-06,-65.8432433
1.58596e-06,-65.6326182
1.586e-06,-65.7686189
1.58604e-06,-65.565947
1.58608e-06,-65.6175165
1.58612e-06,-65.562641
1.58616e-06,-65.7389718
1.5862e-06,-65.4901568
1.58624e-06,-65.4789336
1.58628e-06,-65.8613621
1.58632e-06,-65.6977191
1.58636e-06,-65.4214853
1.5864e-06,-65.602635
1.58644e-06,-65.2842169
1.58648e-06,-65.638825
1.58652e-06,-65.7019495
1.58656e-06,-65.4449239
1.5866e-06,-65.756256
1.58664e-06,-65.8005057
1.58668e-06,-65.5764006
1.58672e-06,-65.4824156
1.58676e-06,-65.966452
1.5868e-06,-65.8416126
1.58684e-06,-65.327761
1.58688e-06,-65.2435031
1.58692e-06,-65.6161911
1.58696e-06,-65.6873616
1.587e-06,-65.732451
1.58704e-06,-65.7364389
1.58708e-06,-65.4171568
1.58712e-06,-65.7574266
1.58716e-06,-65.4515565
1.5872e-06,-65.3916363
1.58724e-06,-65.0381974
1.58728e-06,-65.7765592
1.58732e-06,-65.769368
1.58736e-06,-65.5765925
1.5874e-06,-64.923255
1.58744e-06,-65.5789203
1.58748e-06,-65.6065324
1.58752e-06,-65.7740807
1.58756e-06,-65.2689287
1.5876e-06,-65.7481198
1.58764e-06,-65.7827289
1.58768e-06,-65.4090409
1.58772e-06,-65.3560528
1.58776e-06,-65.6930835
1.5878e-06,-65.914793
1.58784e-06,-65.7580721
1.58788e-06,-65.4197492
1.58792e-06,-65.9886603
1.58796e-06,-66.048515
1.588e-06,-65.5041528
1.58804e-06,-65.6962067
1.58808e-06,-66.0277499
1.58812e-06,-65.7381858
1.58816e-06,-66.0103648
1.5882e-06,-65.753817
1.58824e-06,-65.4148436
1.58828e-06,-65.7957316
1.58832e-06,-65.7554782
1.58836e-06,-65.8544098
1.5884e-06,-65.7949547
1.58844e-06,-66.0947201
1.58848e-06,-65.9015871
1.58852e-06,-65.791301
1.58856e-06,-65.6476555
1.5886e-06,-65.7965409
1.58864e-06,-65.8057009
1.58868e-06,-65.9784571
1.58872e-06,-65.5965201
1.58876e-06,-65.4480349
1.5888e-06,-65.7358167
1.58884e-06,-65.4927724
1.58888e-06,-65.2978507
1.58892e-06,-65.1272799
1.58896e-06,-65.812224
1.589e-06,-65.268352
1.58904e-06,-65.2326338
1.58908e-06,-65.1838079
1.58912e-06,-65.6405798
1.58916e-06,-65.7201578
1.5892e-06,-65.3649111
1.58924e-06,-65.6342566
1.58928e-06,-65.8662059
1.58932e-06,-65.5867539
1.58936e-06,-65.2198471
1.5894e-06,-65.5611405
1.58944e-06,-65.6826562
1.58948e-06,-65.5383655
1.58952e-06,-65.2815698
1.58956e-06,-65.4570332
1.5896e-06,-65.5002566
1.58964e-06,-65.605737
1.58968e-06,-65.2386107
1.58972e-06,-65.2431468
1.58976e-06,-65.4188921
1.5898e-06,-65.3213162
1.58984e-06,-65.0503664
1.58988e-06,-65.3306941
1.58992e-06,-65.800041
1.58996e-06,-65.7307234
1.59e-06,-65.2890958
1.59004e-06,-65.7382588
1.59008e-06,-65.9296324
1.59012e-06,-65.5851789
1.59016e-06,-65.047028
1.5902e-06,-65.7055225
1.59024e-06,-65.5741159
1.59028e-06,-65.4085678
1.59032e-06,-65.1943245
1.59036e-06,-65.7103597
1.5904e-06,-65.6932903
1.59044e-06,-65.7879693
1.59048e-06,-65.5948022
1.59052e-06,-66.0132625
1.59056e-06,-65.9360138
1.5906e-06,-66.091441
1.59064e-06,-65.3892749
1.59068e-06,-65.5967366
1.59072e-06,-65.9457474
1.59076e-06,-65.8408389
1.5908e-06,-65.4880672
1.59084e-06,-65.704193
1.59088e-06,-65.8006706
1.59092e-06,-65.7764147
1.59096e-06,-65.7320472
1.591e-06,-65.5864592
1.59104e-06,-65.5365683
1.59108e-06,-65.267122
1.59112e-06,-65.8349482
1.59116e-06,-65.553081
1.5912e-06,-65.756686
1.59124e-06,-65.9357648
1.59128e-06,-65.7731084
1.59132e-06,-65.5644266
1.59136e-06,-65.895445
1.5914e-06,-66.041406
1.59144e-06,-65.8467808
1.59148e-06,-65.7426821
1.59152e-06,-65.6163654
1.59156e-06,-65.7443722
1.5916e-06,-65.2115007
1.59164e-06,-65.3165546
1.59168e-06,-65.5727604
1.59172e-06,-66.129594
1.59176e-06,-65.8133142
1.5918e-06,-65.3349068
1.59184e-06,-65.6131931
1.59188e-06,-66.0738095
1.59192e-06,-65.5317533
1.59196e-06,-65.3300801
1.592e-06,-65.8206532
1.59204e-06,-66.0729665
1.59208e-06,-65.8308466
1.59212e-06,-65.3755741
1.59216e-06,-65.4511249
1.5922e-06,-66.0638247
1.59224e-06,-65.679192
1.59228e-06,-65.3670005
1.59232e-06,-65.7547053
1.59236e-06,-66.1509917
1.5924e-06,-65.5581121
1.59244e-06,-65.3041423
1.59248e-06,-65.5300411
1.59252e-06,-65.9519398
1.59256e-06,-65.9540902
1.5926e-06,-65.3904677
1.59264e-06,-65.8327541
1.59268e-06,-65.8004515
1.59272e-06,-65.7303756
1.59276e-06,-65.8141355
1.5928e-06,-65.9144628
1.59284e-06,-65.7192219
1.59288e-06,-65.9490069
1.59292e-06,-65.3329324
1.59296e-06,-65.5299786
1.593e-06,-65.5138583
1.59304e-06,-65.9712739
1.59308e-06,-65.7325232
1.59312e-06,-65.4954476
1.59316e-06,-65.5855665
1.5932e-06,-65.8980768
1.59324e-06,-65.81478
1.59328e-06,-65.3046769
1.59332e-06,-65.4204187
1.59336e-06,-65.9672267
1.5934e-06,-65.7763133
1.59344e-06,-65.1297041
1.59348e-06,-65.5319255
1.59352e-06,-65.9964986
1.59356e-06,-65.4398376
1.5936e-06,-65.492806
1.59364e-06,-65.783182
1.59368e-06,-65.7075807
1.59372e-06,-65.5351406
1.59376e-06,-65.4400535
1.5938e-06,-65.6831031
1.59384e-06,-65.7418744
1.59388e-06,-65.8154968
1.59392e-06,-65.2618068
1.59396e-06,-65.4190623
1.594e-06,-65.5625655
1.59404e-06,-65.4535536
1.59408e-06,-65.8844623
1.59412e-06,-65.4907706
1.59416e-06,-65.8752771
1.5942e-06,-65.7067466
1.59424e-06,-65.6995618
1.59428e-06,-65.3880614
1.59432e-06,-65.7288452
1.59436e-06,-65.576421
1.5944e-06,-65.6406086
1.59444e-06,-65.6384845
1.59448e-06,-66.0001928
1.59452e-06,-66.0907445
1.59456e-06,-65.4920844
1.5946e-06,-65.1585824
1.59464e-06,-65.9879167
1.59468e-06,-65.678208
1.59472e-06,-66.0015123
1.59476e-06,-65.2728986
1.5948e-06,-66.0557439
1.59484e-06,-66.6083178
1.59488e-06,-65.672579
1.59492e-06,-65.4275714
1.59496e-06,-65.8298083
1.595e-06,-65.7672225
1.59504e-06,-65.6958879
1.59508e-06,-65.4991958
1.59512e-06,-65.4112024
1.59516e-06,-65.9002874
1.5952e-06,-65.348299
1.59524e-06,-65.4411269
1.59528e-06,-65.3150729
1.59532e-06,-65.8981197
1.59536e-06,-65.7938711
1.5954e-06,-65.8090364
1.59544e-06,-65.4727121
1.59548e-06,-65.8193697
1.59552e-06,-65.8298744
1.59556e-06,-65.6251599
1.5956e-06,-65.2447405
1.59564e-06,-65.6644784
1.59568e-06,-65.6693122
1.59572e-06,-65.6846793
1.59576e-06,-65.3261086
1.5958e-06,-65.6870357
1.59584e-06,-66.0528457
1.59588e-06,-65.665042
1.59592e-06,-65.5931037
1.59596e-06,-65.8053463
1.596e-06,-65.9762485
1.59604e-06,-65.5413302
1.59608e-06,-65.1473537
1.59612e-06,-65.3191218
1.59616e-06,-65.8377983
1.5962e-06,-65.6906644
1.59624e-06,-65.1818213
1.59628e-06,-65.64525
1.59632e-06,-66.1246973
1.59636e-06,-66.0017423
1.5964e-06,-65.7658699
1.59644e-06,-65.6176805
1.59648e-06,-65.5842101
1.59652e-06,-65.7032958
1.59656e-06,-65.741326
1.5966e-06,-65.7275906
1.59664e-06,-65.9858247
1.59668e-06,-65.7775122
1.59672e-06,-65.8358134
1.59676e-06,-65.361956
1.5968e-06,-65.6190852
1.59684e-06,-65.8043692
1.59688e-06,-66.0355852
1.59692e-06,-65.5178908
1.59696e-06,-65.7285772
1.597e-06,-66.6676249
1.59704e-06,-66.2132936
1.59708e-06,-65.3126856
1.59712e-06,-66.1863781
1.59716e-06,-66.1105249
1.5972e-06,-65.6719397
1.59724e-06,-65.5001174
1.59728e-06,-65.7863548
1.59732e-06,-65.5705327
1.59736e-06,-65.8063361
1.5974e-06,-65.4406918
1.59744e-06,-65.9063394
1.59748e-06,-65.9178388
1.59752e-06,-65.720216
1.59756e-06,-65.3744737
1.5976e-06,-65.3215183
1.59764e-06,-65.5487822
1.59768e-06,-65.8857223
1.59772e-06,-65.6917178
1.59776e-06,-65.5121327
1.5978e-06,-66.012717
1.59784e-06,-66.0026837
1.59788e-06,-66.0494938
1.59792e-06,-65.634706
1.59796e-06,-66.0495756
1.598e-06,-66.0978545
1.59804e-06,-65.7911416
1.59808e-06,-65.4427917
1.59812e-06,-65.4728224
1.59816e-06,-66.0635563
1.5982e-06,-65.5520022
1.59824e-06,-65.2712118
1.59828e-06,-65.7545658
1.59832e-06,-65.9274264
1.59836e-06,-65.4087477
1.5984e-06,-65.1779128
1.59844e-06,-65.8526338
1.59848e-06,-65.91272
1.59852e-06,-65.6294602
1.59856e-06,-65.7205192
1.5986e-06,-65.733491
1.59864e-06,-65.851707
1.59868e-06,-65.8954397
1.59872e-06,-65.2207057
1.59876e-06,-66.123249
1.5988e-06,-65.9583646
1.59884e-06,-65.788569
1.59888e-06,-65.7049924
1.59892e-06,-66.0772514
1.59896e-06,-65.7918004
1.599e-06,-65.6520184
1.59904e-06,-65.7829931
1.59908e-06,-65.8657203
1.59912e-06,-65.7623051
1.59916e-06,-65.7238016
1.5992e-06,-65.6156836
1.59924e-06,-66.0090006
1.59928e-06,-66.1252854
1.59932e-06,-65.949293
1.59936e-06,-65.7590932
1.5994e-06,-65.3389638
1.59944e-06,-65.857537
1.59948e-06,-65.5502879
1.59952e-06,-65.3396633
1.59956e-06,-65.6839847
1.5996e-06,-65.7670895
1.59964e-06,-65.9942913
1.59968e-06,-65.5471429
1.59972e-06,-66.0494584
1.59976e-06,-65.9689768
1.5998e-06,-66.0964673
1.59984e-06,-65.8755263
1.59988e-06,-65.7819368
1.59992e-06,-66.074433
1.59996e-06,-66.0931713
1.6e-06,-65.7446551
1.60004e-06,-65.595896
1.60008e-06,-65.7157049
1.60012e-06,-65.7156241
1.60016e-06,-65.8277888
1.6002e-06,-65.5508507
1.60024e-06,-65.2948714
1.60028e-06,-65.5119432
1.60032e-06,-65.6122397
1.60036e-06,-65.7269322
1.6004e-06,-65.9607002
1.60044e-06,-66.0199914
1.60048e-06,-66.139495
1.60052e-06,-65.9418425
1.60056e-06,-66.1405021
1.6006e-06,-66.1954438
1.60064e-06,-65.7902377
1.60068e-06,-65.6076183
1.60072e-06,-65.8801872
1.60076e-06,-66.160999
1.6008e-06,-65.8203602
1.60084e-06,-65.3597462
1.60088e-06,-66.0244543
1.60092e-06,-66.1021918
1.60096e-06,-65.7433971
1.601e-06,-65.5148527
1.60104e-06,-65.7536797
1.60108e-06,-66.1278947
1.60112e-06,-65.8840445
1.60116e-06,-65.7792164
1.6012e-06,-65.8278371
1.60124e-06,-66.7093272
1.60128e-06,-66.1009639
1.60132e-06,-65.9949695
1.60136e-06,-65.9498864
1.6014e-06,-66.1658275
1.60144e-06,-65.9087482
1.60148e-06,-65.6492349
1.60152e-06,-65.7699845
1.60156e-06,-66.1726305
1.6016e-06,-66.0008542
1.60164e-06,-65.7084385
1.60168e-06,-66.1998236
1.60172e-06,-66.148801
1.60176e-06,-65.8100749
1.6018e-06,-65.6056676
1.60184e-06,-65.7565308
1.60188e-06,-65.9951742
1.60192e-06,-65.9681502
1.60196e-06,-65.8689424
1.602e-06,-65.7491331
1.60204e-06,-65.9599019
1.60208e-06,-65.4198278
1.60212e-06,-65.5179373
1.60216e-06,-65.9763051
1.6022e-06,-66.0934784
1.60224e-06,-65.8031159
1.60228e-06,-65.9208626
1.60232e-06,-66.0607696
1.60236e-06,-65.7886022
1.6024e-06,-65.6956977
1.60244e-06,-65.6579266
1.60248e-06,-66.1220446
1.60252e-06,-65.5981589
1.60256e-06,-65.599365
1.6026e-06,-65.8250819
1.60264e-06,-66.4652333
1.60268e-06,-65.9946226
1.60272e-06,-65.7449482
1.60276e-06,-65.7619958
1.6028e-06,-66.0908318
1.60284e-06,-66.1375531
1.60288e-06,-65.4740111
1.60292e-06,-66.2090373
1.60296e-06,-66.2602398
1.603e-06,-65.7293436
1.60304e-06,-65.4116292
1.60308e-06,-66.032172
1.60312e-06,-66.1988815
1.60316e-06,-66.2626581
1.6032e-06,-65.9914749
1.60324e-06,-66.2161271
1.60328e-06,-66.1971578
1.60332e-06,-66.0530024
1.60336e-06,-65.7816834
1.6034e-06,-65.7920859
1.60344e-06,-66.338675
1.60348e-06,-66.3023862
1.60352e-06,-65.612608
1.60356e-06,-65.8411431
1.6036e-06,-66.0160631
1.60364e-06,-66.1416961
1.60368e-06,-65.4578083
1.60372e-06,-65.7452623
1.60376e-06,-65.7267203
1.6038e-06,-65.8914675
1.60384e-06,-65.6134489
1.60388e-06,-65.8992295
1.60392e-06,-66.0564594
1.60396e-06,-66.1228507
1.604e-06,-65.3046042
1.60404e-06,-65.8338172
1.60408e-06,-66.3754014
1.60412e-06,-65.7784334
1.60416e-06,-65.6697031
1.6042e-06,-66.0867645
1.60424e-06,-65.8428733
1.60428e-06,-66.1217441
1.60432e-06,-65.8144536
1.60436e-06,-65.8087192
1.6044e-06,-66.1354656
1.60444e-06,-65.5238958
1.60448e-06,-65.8305958
1.60452e-06,-65.8871503
1.60456e-06,-66.2125359
1.6046e-06,-65.882109
1.60464e-06,-65.7919204
1.60468e-06,-65.8369138
1.60472e-06,-66.0086441
1.60476e-06,-65.8181777
1.6048e-06,-65.616946
1.60484e-06,-66.2197774
1.60488e-06,-66.2287392
1.60492e-06,-65.4978507
1.60496e-06,-66.3446565
1.605e-06,-66.0481255
1.60504e-06,-66.3196816
1.60508e-06,-65.6619739
1.60512e-06,-65.876814
1.60516e-06,-65.9210704
1.6052e-06,-65.9719731
1.60524e-06,-65.6508141
1.60528e-06,-65.8368093
1.60532e-06,-66.2685631
1.60536e-06,-65.8874349
1.6054e-06,-65.7308638
1.60544e-06,-65.7864227
1.60548e-06,-66.1718145
1.60552e-06,-65.6047253
1.60556e-06,-65.6764325
1.6056e-06,-65.8803549
1.60564e-06,-65.9691071
1.60568e-06,-65.9199742
1.60572e-06,-65.7580947
1.60576e-06,-65.6700227
1.6058e-06,-66.3523624
1.60584e-06,-66.0153057
1.60588e-06,-65.8845904
1.60592e-06,-66.361938
1.60596e-06,-66.0741587
1.606e-06,-66.2704704
1.60604e-06,-66.2321314
1.60608e-06,-65.99851
1.60612e-06,-66.0353401
1.60616e-06,-66.2355427
1.6062e-06,-65.816652
1.60624e-06,-66.0891368
1.60628e-06,-66.0269323
1.60632e-06,-66.2525261
1.60636e-06,-65.6634892
1.6064e-06,-65.8482174
1.60644e-06,-65.9580848
1.60648e-06,-66.1041649
1.60652e-06,-66.0683028
1.60656e-06,-65.7494287
1.6066e-06,-65.9598256
1.60664e-06,-66.180551
1.60668e-06,-66.2414335
1.60672e-06,-66.0587375
1.60676e-06,-66.1023329
1.6068e-06,-65.9351335
1.60684e-06,-66.1214713
1.60688e-06,-65.9656112
1.60692e-06,-66.0760984
1.60696e-06,-65.8276321
1.607e-06,-65.5711768
1.60704e-06,-65.7059271
1.60708e-06,-65.9261183
1.60712e-06,-65.7513242
1.60716e-06,-65.72136
1.6072e-06,-65.6096573
1.60724e-06,-65.8724223
1.60728e-06,-66.0811031
1.60732e-06,-65.6629695
1.60736e-06,-65.8133135
1.6074e-06,-66.1494932
1.60744e-06,-65.9507567
1.60748e-06,-65.9067762
1.60752e-06,-65.9666558
1.60756e-06,-65.562488
1.6076e-06,-66.2804067
1.60764e-06,-66.0593608
1.60768e-06,-66.0604563
1.60772e-06,-66.0368332
1.60776e-06,-66.2571584
1.6078e-06,-66.2673404
1.60784e-06,-65.6853485
1.60788e-06,-66.157004
1.60792e-06,-66.0815198
1.60796e-06,-66.0564165
1.608e-06,-65.4520349
1.60804e-06,-66.060777
1.60808e-06,-66.1763301
1.60812e-06,-66.3671897
1.60816e-06,-65.9539863
1.6082e-06,-66.1878479
1.60824e-06,-66.2847123
1.60828e-06,-66.4699283
1.60832e-06,-65.9181196
1.60836e-06,-66.7310931
1.6084e-06,-65.8640637
1.60844e-06,-65.9258528
1.60848e-06,-65.9699278
1.60852e-06,-65.784357
1.60856e-06,-66.0563893
1.6086e-06,-66.0717761
1.60864e-06,-65.5854278
1.60868e-06,-66.0075636
1.60872e-06,-65.9740755
1.60876e-06,-65.7124301
1.6088e-06,-65.8915529
1.60884e-06,-66.1473527
1.60888e-06,-66.2472408
1.60892e-06,-66.0128844
1.60896e-06,-66.0203641
1.609e-06,-66.260914
1.60904e-06,-65.9869155
1.60908e-06,-65.8046774
1.60912e-06,-65.458545
1.60916e-06,-65.4306117
1.6092e-06,-65.476382
1.60924e-06,-65.9091223
1.60928e-06,-65.3667144
1.60932e-06,-66.0124851
1.60936e-06,-65.7308123
1.6094e-06,-66.7641015
1.60944e-06,-66.0764747
1.60948e-06,-66.1009274
1.60952e-06,-66.2795905
1.60956e-06,-66.1882441
1.6096e-06,-65.8935983
1.60964e-06,-66.332447
1.60968e-06,-66.3184891
1.60972e-06,-66.4008427
1.60976e-06,-65.6924289
1.6098e-06,-65.7959774
1.60984e-06,-66.2134017
1.60988e-06,-66.3589118
1.60992e-06,-65.8624149
1.60996e-06,-65.8459649
1.61e-06,-66.2751184
1.61004e-06,-65.9384506
1.61008e-06,-65.5542555
1.61012e-06,-65.5413434
1.61016e-06,-66.0129438
1.6102e-06,-65.9697254
1.61024e-06,-65.7100418
1.61028e-06,-65.9285729
1.61032e-06,-66.5223464
1.61036e-06,-66.4474264
1.6104e-06,-65.8997061
1.61044e-06,-66.0937733
1.61048e-06,-66.4602182
1.61052e-06,-66.0764572
1.61056e-06,-65.5161285
1.6106e-06,-65.9607288
1.61064e-06,-66.692227
1.61068e-06,-66.1452536
1.61072e-06,-66.1696986
1.61076e-06,-65.4668937
1.6108e-06,-66.1515566
1.61084e-06,-66.1126557
1.61088e-06,-65.8684533
1.61092e-06,-65.9045337
1.61096e-06,-65.8945617
1.611e-06,-66.0747068
1.61104e-06,-66.0976659
1.61108e-06,-65.7783768
1.61112e-06,-66.2514905
1.61116e-06,-66.0271314
1.6112e-06,-65.5053446
1.61124e-06,-65.9976788
1.61128e-06,-66.1445617
1.61132e-06,-66.1524136
1.61136e-06,-65.7610678
1.6114e-06,-65.8941166
1.61144e-06,-66.0863052
1.61148e-06,-65.8321352
1.61152e-06,-65.9593175
1.61156e-06,-65.8420477
1.6116e-06,-66.1221885
1.61164e-06,-66.0865733
1.61168e-06,-65.8438648
1.61172e-06,-65.7384957
1.61176e-06,-66.0893676
1.6118e-06,-65.7488773
1.61184e-06,-65.930482
1.61188e-06,-65.6643186
1.61192e-06,-66.1023916
1.61196e-06,-65.8894555
1.612e-06,-65.9041643
1.61204e-06,-66.1011433
1.61208e-06,-66.0894565
1.61212e-06,-65.3727829
1.61216e-06,-65.7254274
1.6122e-06,-65.9238782
1.61224e-06,-65.9328421
1.61228e-06,-65.9822783
1.61232e-06,-65.9024446
1.61236e-06,-66.4374377
1.6124e-06,-66.2637003
1.61244e-06,-65.478478
1.61248e-06,-66.1514521
1.61252e-06,-65.9781262
1.61256e-06,-65.9151426
1.6126e-06,-65.8203474
1.61264e-06,-65.8948324
1.61268e-06,-66.4896907
1.61272e-06,-66.1437035
1.61276e-06,-65.4673137
1.6128e-06,-65.7953754
1.61284e-06,-66.2209404
1.61288e-06,-65.9708196
1.61292e-06,-65.6062721
1.61296e-06,-66.0584839
1.613e-06,-66.4207317
1.61304e-06,-66.2217583
1.61308e-06,-65.5235135
1.61312e-06,-65.9291281
1.61316e-06,-66.111121
1.6132e-06,-66.1085417
1.61324e-06,-65.9331038
1.61328e-06,-65.7655897
1.61332e-06,-66.4950403
1.61336e-06,-65.8565249
1.6134e-06,-65.8377577
1.61344e-06,-65.8416403
1.61348e-06,-66.1319949
1.61352e-06,-66.0644261
1.61356e-06,-65.6549223
1.6136e-06,-66.0568953
1.61364e-06,-66.0604337
1.61368e-06,-65.9771066
1.61372e-06,-66.0714555
1.61376e-06,-66.4040392
1.6138e-06,-66.2125549
1.61384e-06,-65.8804134
1.61388e-06,-66.0577831
1.61392e-06,-65.9862474
1.61396e-06,-66.0206786
1.614e-06,-65.6425392
1.61404e-06,-66.0937191
1.61408e-06,-66.5225974
1.61412e-06,-66.1757061
1.61416e-06,-65.6180218
1.6142e-06,-65.94704
1.61424e-06,-65.8968407
1.61428e-06,-65.7500003
1.61432e-06,-65.6104366
1.61436e-06,-66.0215634
1.6144e-06,-66.1829887
1.61444e-06,-66.054748
1.61448e-06,-65.7509154
1.61452e-06,-65.7789739
1.61456e-06,-66.0280823
1.6146e-06,-66.0786818
1.61464e-06,-66.0603664
1.61468e-06,-66.2001717
1.61472e-06,-65.9677593
1.61476e-06,-66.3689877
1.6148e-06,-65.6615302
1.61484e-06,-66.3236497
1.61488e-06,-66.0124034
1.61492e-06,-65.8572387
1.61496e-06,-66.0929789
1.615e-06,-66.2784386
1.61504e-06,-65.7005607
1.61508e-06,-65.9067363
1.61512e-06,-65.8705492
1.61516e-06,-66.5246982
1.6152e-06,-66.1993226
1.61524e-06,-65.8665556
1.61528e-06,-66.0894492
1.61532e-06,-65.8442671
1.61536e-06,-66.1149489
1.6154e-06,-65.7291256
1.61544e-06,-65.9455877
1.61548e-06,-65.7492599
1.61552e-06,-65.6135583
1.61556e-06,-65.8098687
1.6156e-06,-66.2143061
1.61564e-06,-65.7406419
1.61568e-06,-65.654607
1.61572e-06,-65.6529947
1.61576e-06,-65.9336204
1.6158e-06,-65.7996565
1.61584e-06,-65.9978003
1.61588e-06,-65.7099613
1.61592e-06,-66.6113669
1.61596e-06,-66.0920091
1.616e-06,-65.3117245
1.61604e-06,-65.5107887
1.61608e-06,-65.8869573
1.61612e-06,-65.65794
1.61616e-06,-65.6450421
1.6162e-06,-65.9122266
1.61624e-06,-65.756854
1.61628e-06,-66.1852243
1.61632e-06,-65.3952934
1.61636e-06,-65.87784
1.6164e-06,-65.7848587
1.61644e-06,-65.9594579
1.61648e-06,-65.9164696
1.61652e-06,-66.1246176
1.61656e-06,-65.9293337
1.6166e-06,-65.9624076
1.61664e-06,-66.0497803
1.61668e-06,-66.067065
1.61672e-06,-65.8928466
1.61676e-06,-65.439936
1.6168e-06,-65.5828018
1.61684e-06,-65.9167211
1.61688e-06,-66.0633872
1.61692e-06,-65.5478505
1.61696e-06,-65.9540602
1.617e-06,-66.5142776
1.61704e-06,-65.7635824
1.61708e-06,-65.6391713
1.61712e-06,-66.092679
1.61716e-06,-66.2698
1.6172e-06,-65.8297098
1.61724e-06,-65.8557205
1.61728e-06,-66.2383285
1.61732e-06,-66.0436455
1.61736e-06,-65.8560869
1.6174e-06,-65.7620762
1.61744e-06,-65.8175275
1.61748e-06,-65.5056213
1.61752e-06,-65.1986275
1.61756e-06,-65.4136254
1.6176e-06,-65.5933011
1.61764e-06,-65.7517817
1.61768e-06,-65.6105059
1.61772e-06,-65.9077946
1.61776e-06,-66.0966454
1.6178e-06,-66.3078516
1.61784e-06,-65.5828258
1.61788e-06,-65.9023632
1.61792e-06,-66.2841356
1.61796e-06,-66.1470583
1.618e-06,-65.6317948
1.61804e-06,-65.8031396
1.61808e-06,-65.6781564
1.61812e-06,-65.6067364
1.61816e-06,-65.4219178
1.6182e-06,-65.4495423
1.61824e-06,-65.8767896
1.61828e-06,-65.8384266
1.61832e-06,-65.3219228
1.61836e-06,-66.2111346
1.6184e-06,-65.8554065
1.61844e-06,-65.6377419
1.61848e-06,-66.2081067
1.61852e-06,-66.2179469
1.61856e-06,-66.2212593
1.6186e-06,-65.8563493
1.61864e-06,-65.9848782
1.61868e-06,-65.8866191
1.61872e-06,-66.0028947
1.61876e-06,-65.3268872
1.6188e-06,-66.0003728
1.61884e-06,-66.0246676
1.61888e-06,-65.8523119
1.61892e-06,-65.6764729
1.61896e-06,-65.8220601
1.619e-06,-66.4285242
1.61904e-06,-65.9231735
1.61908e-06,-65.7979135
1.61912e-06,-66.054843
1.61916e-06,-66.5646723
1.6192e-06,-66.0409496
1.61924e-06,-65.8142245
1.61928e-06,-66.1084844
1.61932e-06,-66.0051315
1.61936e-06,-66.0202188
1.6194e-06,-65.7005326
1.61944e-06,-66.051151
1.61948e-06,-65.9903398
1.61952e-06,-65.786912
1.61956e-06,-65.6467534
1.6196e-06,-66.1213728
1.61964e-06,-66.1533968
1.61968e-06,-66.304093
1.61972e-06,-65.9488407
1.61976e-06,-66.3496962
1.6198e-06,-66.0454807
1.61984e-06,-66.0615601
1.61988e-06,-65.8953954
1.61992e-06,-66.0708572
1.61996e-06,-66.1657376
1.62e-06,-65.8363923
1.62004e-06,-65.8806931
1.62008e-06,-66.0768615
1.62012e-06,-65.8981755
1.62016e-06,-65.7142213
1.6202e-06,-66.0499919
1.62024e-06,-66.0669601
1.62028e-06,-66.0800699
1.62032e-06,-65.447248
1.62036e-06,-66.0766658
1.6204e-06,-66.0667544
1.62044e-06,-65.885287
1.62048e-06,-65.6358318
1.62052e-06,-66.0141757
1.62056e-06,-66.2800059
1.6206e-06,-65.5420513
1.62064e-06,-65.4204973
1.62068e-06,-66.3444462
1.62072e-06,-66.1743792
1.62076e-06,-65.8767509
1.6208e-06,-65.6144227
1.62084e-06,-65.8580442
1.62088e-06,-66.1736017
1.62092e-06,-66.0087571
1.62096e-06,-65.5302994
1.621e-06,-65.8283439
1.62104e-06,-66.0904626
1.62108e-06,-66.2052288
1.62112e-06,-66.101014
1.62116e-06,-66.031225
1.6212e-06,-66.2098991
1.62124e-06,-65.7591548
1.62128e-06,-66.0286652
1.62132e-06,-66.09023
1.62136e-06,-66.2704211
1.6214e-06,-66.0187763
1.62144e-06,-65.6785241
1.62148e-06,-65.8117652
1.62152e-06,-65.415669
1.62156e-06,-65.4940519
1.6216e-06,-65.8418683
1.62164e-06,-65.9542596
1.62168e-06,-65.6646064
1.62172e-06,-65.4138023
1.62176e-06,-65.6096731
1.6218e-06,-65.8126334
1.62184e-06,-65.5041895
1.62188e-06,-65.493178
1.62192e-06,-65.7161636
1.62196e-06,-65.6531737
1.622e-06,-65.3025824
1.62204e-06,-64.9371554
1.62208e-06,-65.1425009
1.62212e-06,-65.5389494
1.62216e-06,-65.1382054
1.6222e-06,-65.3037405
1.62224e-06,-64.8487249
1.62228e-06,-65.4446523
1.62232e-06,-65.0214233
1.62236e-06,-64.9369059
1.6224e-06,-65.1987557
1.62244e-06,-65.2695993
1.62248e-06,-65.4366776
1.62252e-06,-64.7488532
1.62256e-06,-65.1540452
1.6226e-06,-64.7763213
1.62264e-06,-64.3928819
1.62268e-06,-64.5381356
1.62272e-06,-64.8308081
1.62276e-06,-64.7187896
1.6228e-06,-64.5243014
1.62284e-06,-64.5327142
1.62288e-06,-64.8641713
1.62292e-06,-64.7766204
1.62296e-06,-64.7643007
1.623e-06,-64.7321755
1.62304e-06,-65.0525547
1.62308e-06,-64.7575845
1.62312e-06,-64.3539437
1.62316e-06,-64.6670311
1.6232e-06,-64.7433379
1.62324e-06,-64.5374639
1.62328e-06,-64.0671657
1.62332e-06,-64.5417039
1.62336e-06,-64.5380872
1.6234e-06,-64.060667
1.62344e-06,-63.984072
1.62348e-06,-63.7927667
1.62352e-06,-63.639553
1.62356e-06,-63.740009
1.6236e-06,-62.9342513
1.62364e-06,-62.9393114
1.62368e-06,-62.1998967
1.62372e-06,-61.7162569
1.62376e-06,-60.8302722
1.6238e-06,-60.049401
1.62384e-06,-58.7519096
1.62388e-06,-57.2707523
1.62392e-06,-56.0384305
1.62396e-06,-54.6075792
1.624e-06,-53.3232903
1.62404e-06,-51.694102
1.62408e-06,-49.8794637
1.62412e-06,-48.1633314
1.62416e-06,-46.5095887
1.6242e-06,-44.8936964
1.62424e-06,-43.1420596
1.62428e-06,-41.1672191
1.62432e-06,-38.9702538
1.62436e-06,-35.4572769
1.6244e-06,-30.6814752
1.62444e-06,-25.0319883
1.62448e-06,-21.3864181
1.62452e-06,-7.10250191
1.62456e-06,-3.58525816
1.6246e-06,-4.6624207
1.62464e-06,-18.3258967
1.62468e-06,-27.1248991
1.62472e-06,-31.1889062
1.62476e-06,-36.6914754
1.6248e-06,-42.8277613
1.62484e-06,-47.8949388
1.62488e-06,-51.8064352
1.62492e-06,-55.3555639
1.62496e-06,-57.4090779
1.625e-06,-58.7575161
1.62504e-06,-59.3016628
1.62508e-06,-60.1702572
1.62512e-06,-60.9504142
1.62516e-06,-61.4532538
1.6252e-06,-62.0110281
1.62524e-06,-62.2311909
1.62528e-06,-62.9119022
1.62532e-06,-63.3815176
1.62536e-06,-63.676907
1.6254e-06,-63.5034997
1.62544e-06,-63.813039
1.62548e-06,-63.7284081
1.62552e-06,-64.0632678
1.62556e-06,-63.6973774
1.6256e-06,-63.9681783
1.62564e-06,-64.1108807
1.62568e-06,-64.1231534
1.62572e-06,-64.223364
1.62576e-06,-64.6523287
1.6258e-06,-64.5018704
1.62584e-06,-64.2942663
1.62588e-06,-64.2728754
1.62592e-06,-64.9073214
1.62596e-06,-64.6324977
1.626e-06,-64.48449
1.62604e-06,-64.9365176
1.62608e-06,-65.1169515
1.62612e-06,-64.6884078
1.62616e-06,-64.4831032
1.6262e-06,-64.8820872
1.62624e-06,-65.0492413
1.62628e-06,-65.158739
1.62632e-06,-64.9769207
1.62636e-06,-65.1977168
1.6264e-06,-65.0300905
1.62644e-06,-65.2565131
1.62648e-06,-64.9735209
1.62652e-06,-65.1978797
1.62656e-06,-65.1278006
1.6266e-06,-64.8844946
1.62664e-06,-64.8527393
1.62668e-06,-65.3631199
1.62672e-06,-64.9924345
1.62676e-06,-64.7501085
1.6268e-06,-64.9377731
1.62684e-06,-64.8931065
1.62688e-06,-64.504483
1.62692e-06,-64.7521227
1.62696e-06,-65.3469737
1.627e-06,-65.1922758
1.62704e-06,-65.2178296
1.62708e-06,-65.4168409
1.62712e-06,-65.3091414
1.62716e-06,-65.0789865
1.6272e-06,-64.967223
1.62724e-06,-65.0701492
1.62728e-06,-65.2298589
1.62732e-06,-65.1398923
1.62736e-06,-65.4340662
1.6274e-06,-66.0045386
1.62744e-06,-65.6864683
1.62748e-06,-65.4702839
1.62752e-06,-65.5122047
1.62756e-06,-65.7518391
1.6276e-06,-65.8937714
1.62764e-06,-65.5568826
1.62768e-06,-66.0009403
1.62772e-06,-66.1796964
1.62776e-06,-65.5383952
1.6278e-06,-65.8131382
1.62784e-06,-66.1219325
1.62788e-06,-65.9815535
1.62792e-06,-66.0734103
1.62796e-06,-66.1285841
1.628e-06,-66.1556274
1.62804e-06,-66.280392
1.62808e-06,-66.0264008
1.62812e-06,-65.8569439
1.62816e-06,-66.2184911
1.6282e-06,-65.9025928
1.62824e-06,-65.76816
1.62828e-06,-66.4206585
1.62832e-06,-66.0892564
1.62836e-06,-66.0781348
1.6284e-06,-66.2841188
1.62844e-06,-66.237076
1.62848e-06,-66.152266
1.62852e-06,-65.8812758
1.62856e-06,-66.3559393
1.6286e-06,-66.4603859
1.62864e-06,-65.7866347
1.62868e-06,-66.2173438
1.62872e-06,-66.0338324
1.62876e-06,-66.1019428
1.6288e-06,-66.2777318
1.62884e-06,-65.7738101
1.62888e-06,-66.03788
1.62892e-06,-66.1025849
1.62896e-06,-65.581057
1.629e-06,-65.7141641
1.62904e-06,-65.7835699
1.62908e-06,-66.0228734
1.62912e-06,-66.128953
1.62916e-06,-66.3541409
1.6292e-06,-66.2962648
1.62924e-06,-66.6135345
1.62928e-06,-66.0641463
1.62932e-06,-66.2449629
1.62936e-06,-66.1390843
1.6294e-06,-65.8944309
1.62944e-06,-66.1709694
1.62948e-06,-66.5494368
1.62952e-06,-65.8122847
1.62956e-06,-66.2353306
1.6296e-06,-66.2609277
1.62964e-06,-66.4306876
1.62968e-06,-66.6255911
1.62972e-06,-66.2490112
1.62976e-06,-65.8785871
1.6298e-06,-66.6091804
1.62984e-06,-66.2120402
1.62988e-06,-66.1478144
1.62992e-06,-66.5431235
1.62996e-06,-66.1155285
1.63e-06,-65.8460044
