Wavelength [m],Power [dBm]
1.47e-06,-78.0401912
1.47004e-06,-84.0206336
1.47008e-06,-79.5526599
1.47012e-06,-78.2788715
1.47016e-06,-75.640478
1.4702e-06,-84.0583661
1.47024e-06,-77.2209771
1.47028e-06,-79.6065648
1.47032e-06,-75.0373748
1.47036e-06,-79.9329741
1.4704e-06,-75.154958
1.47044e-06,-210.0
1.47048e-06,-77.1023242
1.47052e-06,-82.3002689
1.47056e-06,-80.6167676
1.4706e-06,-78.9774823
1.47064e-06,-78.0322537
1.47068e-06,-80.9782076
1.47072e-06,-77.0682645
1.47076e-06,-88.6565269
1.4708e-06,-210.0
1.47084e-06,-78.1846983
1.47088e-06,-80.550867
1.47092e-06,-76.8576424
1.47096e-06,-77.1466678
1.471e-06,-79.3785513
1.47104e-06,-77.1576982
1.47108e-06,-76.4958645
1.47112e-06,-90.9798969
1.47116e-06,-79.6332826
1.4712e-06,-210.0
1.47124e-06,-79.8624159
1.47128e-06,-83.162154
1.47132e-06,-78.1064247
1.47136e-06,-77.7163941
1.4714e-06,-210.0
1.47144e-06,-74.8905968
1.47148e-06,-210.0
1.47152e-06,-79.5477352
1.47156e-06,-77.738984
1.4716e-06,-77.9134668
1.47164e-06,-210.0
1.47168e-06,-78.3736369
1.47172e-06,-75.9844209
1.47176e-06,-76.9318232
1.4718e-06,-210.0
1.47184e-06,-76.2942277
1.47188e-06,-79.6373401
1.47192e-06,-82.06818
1.47196e-06,-79.2041453
1.472e-06,-78.3567659
1.47204e-06,-76.6605841
1.47208e-06,-82.5383791
1.47212e-06,-79.0425276
1.47216e-06,-79.3377614
1.4722e-06,-79.4600854
1.47224e-06,-76.5307037
1.47228e-06,-81.4367918
1.47232e-06,-76.4677489
1.47236e-06,-76.5952485
1.4724e-06,-78.9653916
1.47244e-06,-86.6829382
1.47248e-06,-75.8432418
1.47252e-06,-76.968764
1.47256e-06,-80.7257873
1.4726e-06,-78.2362122
1.47264e-06,-76.2605081
1.47268e-06,-210.0
1.47272e-06,-210.0
1.47276e-06,-80.7538561
1.4728e-06,-76.5626912
1.47284e-06,-78.0536457
1.47288e-06,-78.0862985
1.47292e-06,-89.4020618
1.47296e-06,-77.4348315
1.473e-06,-83.1109832
1.47304e-06,-83.5363735
1.47308e-06,-76.1039655
1.47312e-06,-82.3362701
1.47316e-06,-81.7838956
1.4732e-06,-210.0
1.47324e-06,-77.5730709
1.47328e-06,-76.5517227
1.47332e-06,-82.9626381
1.47336e-06,-78.2857095
1.4734e-06,-76.5892388
1.47344e-06,-80.3726921
1.47348e-06,-81.2373965
1.47352e-06,-82.4726145
1.47356e-06,-82.1992138
1.4736e-06,-80.0225341
1.47364e-06,-210.0
1.47368e-06,-75.61842
1.47372e-06,-75.2813694
1.47376e-06,-210.0
1.4738e-06,-81.1587158
1.47384e-06,-75.9679164
1.47388e-06,-78.0743381
1.47392e-06,-74.9186757
1.47396e-06,-210.0
1.474e-06,-210.0
1.47404e-06,-80.7668532
1.47408e-06,-77.4434603
1.47412e-06,-84.9390898
1.47416e-06,-76.5286528
1.4742e-06,-81.0890572
1.47424e-06,-76.6067438
1.47428e-06,-79.6952836
1.47432e-06,-80.8729902
1.47436e-06,-85.0922772
1.4744e-06,-75.5924119
1.47444e-06,-82.5322423
1.47448e-06,-84.2873728
1.47452e-06,-80.9739828
1.47456e-06,-79.3623982
1.4746e-06,-76.3619874
1.47464e-06,-82.246034
1.47468e-06,-80.7680388
1.47472e-06,-81.0669098
1.47476e-06,-76.9781458
1.4748e-06,-80.295625
1.47484e-06,-78.3017085
1.47488e-06,-90.2720979
1.47492e-06,-82.2559132
1.47496e-06,-77.4898428
1.475e-06,-210.0
1.47504e-06,-87.4248501
1.47508e-06,-74.5710285
1.47512e-06,-210.0
1.47516e-06,-81.2206153
1.4752e-06,-80.0068732
1.47524e-06,-210.0
1.47528e-06,-77.2350862
1.47532e-06,-210.0
1.47536e-06,-80.4841345
1.4754e-06,-77.1195623
1.47544e-06,-78.3820549
1.47548e-06,-80.9708718
1.47552e-06,-80.8594602
1.47556e-06,-80.0815849
1.4756e-06,-81.6088436
1.47564e-06,-77.3958726
1.47568e-06,-78.4330141
1.47572e-06,-210.0
1.47576e-06,-75.7377699
1.4758e-06,-78.6637348
1.47584e-06,-83.398878
1.47588e-06,-78.6245093
1.47592e-06,-77.759594
1.47596e-06,-210.0
1.476e-06,-78.4476892
1.47604e-06,-80.1713328
1.47608e-06,-210.0
1.47612e-06,-80.9231927
1.47616e-06,-77.4464761
1.4762e-06,-76.4094912
1.47624e-06,-81.4328876
1.47628e-06,-210.0
1.47632e-06,-78.2440691
1.47636e-06,-88.6214409
1.4764e-06,-77.458552
1.47644e-06,-100.288364
1.47648e-06,-78.008431
1.47652e-06,-79.539644
1.47656e-06,-79.7912026
1.4766e-06,-77.3195837
1.47664e-06,-76.1489422
1.47668e-06,-210.0
1.47672e-06,-76.9691843
1.47676e-06,-79.5590888
1.4768e-06,-84.2833263
1.47684e-06,-210.0
1.47688e-06,-76.3641304
1.47692e-06,-210.0
1.47696e-06,-75.3782806
1.477e-06,-210.0
1.47704e-06,-79.7530309
1.47708e-06,-77.0709644
1.47712e-06,-210.0
1.47716e-06,-76.7392813
1.4772e-06,-76.5666923
1.47724e-06,-210.0
1.47728e-06,-210.0
1.47732e-06,-75.784013
1.47736e-06,-83.9875805
1.4774e-06,-81.3701988
1.47744e-06,-75.4140265
1.47748e-06,-80.3301385
1.47752e-06,-79.3949186
1.47756e-06,-81.7253475
1.4776e-06,-210.0
1.47764e-06,-80.8066114
1.47768e-06,-78.7368794
1.47772e-06,-78.4052774
1.47776e-06,-75.5242988
1.4778e-06,-210.0
1.47784e-06,-80.9181464
1.47788e-06,-80.0302439
1.47792e-06,-79.5759875
1.47796e-06,-89.3582461
1.478e-06,-83.0374642
1.47804e-06,-80.2648499
1.47808e-06,-79.2686207
1.47812e-06,-78.9212372
1.47816e-06,-85.3531154
1.4782e-06,-78.9447833
1.47824e-06,-210.0
1.47828e-06,-78.4179647
1.47832e-06,-210.0
1.47836e-06,-77.7903043
1.4784e-06,-78.0302931
1.47844e-06,-75.8563723
1.47848e-06,-81.9611585
1.47852e-06,-78.2478349
1.47856e-06,-80.3594335
1.4786e-06,-79.7333498
1.47864e-06,-79.3360231
1.47868e-06,-98.9336257
1.47872e-06,-83.7693606
1.47876e-06,-78.0306479
1.4788e-06,-210.0
1.47884e-06,-83.7013254
1.47888e-06,-78.7770683
1.47892e-06,-210.0
1.47896e-06,-77.6568286
1.479e-06,-76.9528455
1.47904e-06,-82.4599089
1.47908e-06,-210.0
1.47912e-06,-77.3778217
1.47916e-06,-80.0147613
1.4792e-06,-80.7211673
1.47924e-06,-82.5111126
1.47928e-06,-81.1408265
1.47932e-06,-83.8841679
1.47936e-06,-81.2028939
1.4794e-06,-79.3122067
1.47944e-06,-210.0
1.47948e-06,-77.2942358
1.47952e-06,-80.9743448
1.47956e-06,-77.6367144
1.4796e-06,-81.5344764
1.47964e-06,-77.7002871
1.47968e-06,-80.4220007
1.47972e-06,-77.6843448
1.47976e-06,-84.8779577
1.4798e-06,-210.0
1.47984e-06,-79.7721149
1.47988e-06,-88.2574348
1.47992e-06,-89.1596215
1.47996e-06,-82.1965327
1.48e-06,-75.9360905
1.48004e-06,-210.0
1.48008e-06,-78.1932012
1.48012e-06,-210.0
1.48016e-06,-87.426794
1.4802e-06,-210.0
1.48024e-06,-76.0751139
1.48028e-06,-82.2858152
1.48032e-06,-74.4536835
1.48036e-06,-210.0
1.4804e-06,-78.4390063
1.48044e-06,-82.8304697
1.48048e-06,-78.7164133
1.48052e-06,-79.0296963
1.48056e-06,-77.9656789
1.4806e-06,-79.3770448
1.48064e-06,-77.5421266
1.48068e-06,-87.9787926
1.48072e-06,-83.4343943
1.48076e-06,-79.7386171
1.4808e-06,-78.0642569
1.48084e-06,-76.4050425
1.48088e-06,-89.0667514
1.48092e-06,-210.0
1.48096e-06,-210.0
1.481e-06,-210.0
1.48104e-06,-76.8464572
1.48108e-06,-89.2434192
1.48112e-06,-80.3170656
1.48116e-06,-79.2899235
1.4812e-06,-78.2220135
1.48124e-06,-80.8320181
1.48128e-06,-210.0
1.48132e-06,-83.1320908
1.48136e-06,-80.4847366
1.4814e-06,-83.3944425
1.48144e-06,-80.7687662
1.48148e-06,-81.1932996
1.48152e-06,-83.1395839
1.48156e-06,-210.0
1.4816e-06,-78.3819069
1.48164e-06,-81.4852266
1.48168e-06,-77.4703176
1.48172e-06,-77.5904685
1.48176e-06,-79.8668016
1.4818e-06,-87.2753945
1.48184e-06,-78.7359222
1.48188e-06,-76.5678688
1.48192e-06,-210.0
1.48196e-06,-78.1367842
1.482e-06,-85.5447423
1.48204e-06,-79.3236023
1.48208e-06,-83.5857005
1.48212e-06,-83.6605013
1.48216e-06,-210.0
1.4822e-06,-210.0
1.48224e-06,-81.6372268
1.48228e-06,-78.4628233
1.48232e-06,-210.0
1.48236e-06,-76.989452
1.4824e-06,-85.842147
1.48244e-06,-77.3751134
1.48248e-06,-81.5999195
1.48252e-06,-78.4270508
1.48256e-06,-76.9149013
1.4826e-06,-77.8215746
1.48264e-06,-81.450285
1.48268e-06,-78.3297659
1.48272e-06,-78.9147899
1.48276e-06,-92.6052594
1.4828e-06,-78.9826842
1.48284e-06,-210.0
1.48288e-06,-76.2275821
1.48292e-06,-210.0
1.48296e-06,-74.5271859
1.483e-06,-210.0
1.48304e-06,-87.0040038
1.48308e-06,-210.0
1.48312e-06,-78.9477542
1.48316e-06,-76.8158151
1.4832e-06,-78.3991874
1.48324e-06,-210.0
1.48328e-06,-74.8674629
1.48332e-06,-210.0
1.48336e-06,-75.7935946
1.4834e-06,-78.3471844
1.48344e-06,-83.4924183
1.48348e-06,-79.6446814
1.48352e-06,-78.1714256
1.48356e-06,-210.0
1.4836e-06,-77.305932
1.48364e-06,-75.9116347
1.48368e-06,-93.3263166
1.48372e-06,-79.563467
1.48376e-06,-77.7029944
1.4838e-06,-79.0371197
1.48384e-06,-210.0
1.48388e-06,-74.0563963
1.48392e-06,-210.0
1.48396e-06,-81.8629083
1.484e-06,-81.7051568
1.48404e-06,-210.0
1.48408e-06,-210.0
1.48412e-06,-78.0973686
1.48416e-06,-83.6461705
1.4842e-06,-81.8865907
1.48424e-06,-210.0
1.48428e-06,-86.5202641
1.48432e-06,-84.6137684
1.48436e-06,-78.0276662
1.4844e-06,-78.763738
1.48444e-06,-84.138868
1.48448e-06,-210.0
1.48452e-06,-76.8061752
1.48456e-06,-77.0617664
1.4846e-06,-210.0
1.48464e-06,-210.0
1.48468e-06,-210.0
1.48472e-06,-82.6151702
1.48476e-06,-78.3455175
1.4848e-06,-77.6664804
1.48484e-06,-210.0
1.48488e-06,-78.0415278
1.48492e-06,-78.3836025
1.48496e-06,-79.2383492
1.485e-06,-210.0
1.48504e-06,-78.6139432
1.48508e-06,-210.0
1.48512e-06,-76.5648405
1.48516e-06,-81.208914
1.4852e-06,-79.3323214
1.48524e-06,-210.0
1.48528e-06,-210.0
1.48532e-06,-80.9298462
1.48536e-06,-75.2907195
1.4854e-06,-210.0
1.48544e-06,-210.0
1.48548e-06,-78.9335564
1.48552e-06,-82.0984539
1.48556e-06,-83.9244717
1.4856e-06,-79.0683215
1.48564e-06,-95.8901107
1.48568e-06,-83.8138858
1.48572e-06,-96.5543783
1.48576e-06,-86.9721055
1.4858e-06,-78.8472305
1.48584e-06,-84.7685658
1.48588e-06,-75.3786666
1.48592e-06,-210.0
1.48596e-06,-210.0
1.486e-06,-77.9669789
1.48604e-06,-210.0
1.48608e-06,-210.0
1.48612e-06,-81.2740753
1.48616e-06,-78.1074875
1.4862e-06,-76.7432212
1.48624e-06,-87.0378092
1.48628e-06,-81.1504489
1.48632e-06,-91.2857338
1.48636e-06,-210.0
1.4864e-06,-79.8460871
1.48644e-06,-76.2392068
1.48648e-06,-84.7334165
1.48652e-06,-86.7956046
1.48656e-06,-77.0033996
1.4866e-06,-83.1992269
1.48664e-06,-80.436386
1.48668e-06,-81.7214714
1.48672e-06,-80.227399
1.48676e-06,-210.0
1.4868e-06,-210.0
1.48684e-06,-76.7459028
1.48688e-06,-80.1577915
1.48692e-06,-210.0
1.48696e-06,-81.1103771
1.487e-06,-79.2831734
1.48704e-06,-82.2790054
1.48708e-06,-79.490075
1.48712e-06,-210.0
1.48716e-06,-210.0
1.4872e-06,-79.8211497
1.48724e-06,-84.1956578
1.48728e-06,-210.0
1.48732e-06,-75.6197797
1.48736e-06,-87.1272457
1.4874e-06,-79.0068613
1.48744e-06,-89.1612405
1.48748e-06,-210.0
1.48752e-06,-80.1462924
1.48756e-06,-81.6776613
1.4876e-06,-85.4058945
1.48764e-06,-77.3192743
1.48768e-06,-78.5500336
1.48772e-06,-84.5060929
1.48776e-06,-76.912655
1.4878e-06,-210.0
1.48784e-06,-95.5957674
1.48788e-06,-80.0432081
1.48792e-06,-76.4830121
1.48796e-06,-210.0
1.488e-06,-79.248076
1.48804e-06,-210.0
1.48808e-06,-76.8345201
1.48812e-06,-77.9211939
1.48816e-06,-210.0
1.4882e-06,-80.345558
1.48824e-06,-81.559704
1.48828e-06,-88.0080087
1.48832e-06,-85.1779239
1.48836e-06,-210.0
1.4884e-06,-81.0134759
1.48844e-06,-77.5971605
1.48848e-06,-88.9443966
1.48852e-06,-82.2819941
1.48856e-06,-210.0
1.4886e-06,-76.7225458
1.48864e-06,-82.7796473
1.48868e-06,-78.7215727
1.48872e-06,-79.2814836
1.48876e-06,-210.0
1.4888e-06,-75.3395895
1.48884e-06,-79.8526059
1.48888e-06,-210.0
1.48892e-06,-210.0
1.48896e-06,-76.9749666
1.489e-06,-78.0833844
1.48904e-06,-92.6322384
1.48908e-06,-79.3437636
1.48912e-06,-80.6188439
1.48916e-06,-83.7022298
1.4892e-06,-210.0
1.48924e-06,-210.0
1.48928e-06,-78.2076501
1.48932e-06,-79.5860113
1.48936e-06,-210.0
1.4894e-06,-83.3775854
1.48944e-06,-210.0
1.48948e-06,-78.2261687
1.48952e-06,-76.1637854
1.48956e-06,-87.1355334
1.4896e-06,-82.9360494
1.48964e-06,-78.4209883
1.48968e-06,-210.0
1.48972e-06,-82.3623082
1.48976e-06,-210.0
1.4898e-06,-79.7660049
1.48984e-06,-88.5178979
1.48988e-06,-81.792289
1.48992e-06,-76.3592776
1.48996e-06,-82.1695801
1.49e-06,-82.4844164
1.49004e-06,-84.6127689
1.49008e-06,-80.7796395
1.49012e-06,-210.0
1.49016e-06,-77.0933543
1.4902e-06,-210.0
1.49024e-06,-80.4302262
1.49028e-06,-210.0
1.49032e-06,-77.4318948
1.49036e-06,-87.9612807
1.4904e-06,-86.2499459
1.49044e-06,-77.9989628
1.49048e-06,-84.2129308
1.49052e-06,-85.5259961
1.49056e-06,-77.3493104
1.4906e-06,-210.0
1.49064e-06,-87.5936327
1.49068e-06,-78.5415312
1.49072e-06,-83.2024319
1.49076e-06,-80.1257777
1.4908e-06,-210.0
1.49084e-06,-76.7139113
1.49088e-06,-210.0
1.49092e-06,-78.7219619
1.49096e-06,-75.4278515
1.491e-06,-210.0
1.49104e-06,-79.9415147
1.49108e-06,-81.0154441
1.49112e-06,-210.0
1.49116e-06,-80.0295289
1.4912e-06,-80.9052818
1.49124e-06,-210.0
1.49128e-06,-210.0
1.49132e-06,-79.3555535
1.49136e-06,-210.0
1.4914e-06,-80.0940229
1.49144e-06,-80.3505214
1.49148e-06,-78.9876446
1.49152e-06,-84.8535174
1.49156e-06,-79.5998277
1.4916e-06,-210.0
1.49164e-06,-80.4679473
1.49168e-06,-85.5892612
1.49172e-06,-78.4685818
1.49176e-06,-210.0
1.4918e-06,-210.0
1.49184e-06,-79.7296383
1.49188e-06,-76.5311262
1.49192e-06,-81.8213432
1.49196e-06,-210.0
1.492e-06,-210.0
1.49204e-06,-77.7773276
1.49208e-06,-79.4614703
1.49212e-06,-78.056314
1.49216e-06,-82.0738675
1.4922e-06,-210.0
1.49224e-06,-83.5681856
1.49228e-06,-210.0
1.49232e-06,-79.733283
1.49236e-06,-79.5893905
1.4924e-06,-210.0
1.49244e-06,-81.1464381
1.49248e-06,-83.0379421
1.49252e-06,-79.0448624
1.49256e-06,-77.3306338
1.4926e-06,-80.2535757
1.49264e-06,-78.8922367
1.49268e-06,-86.4770683
1.49272e-06,-85.9161035
1.49276e-06,-77.2645521
1.4928e-06,-210.0
1.49284e-06,-83.086264
1.49288e-06,-210.0
1.49292e-06,-81.7582422
1.49296e-06,-81.375873
1.493e-06,-83.4725869
1.49304e-06,-97.629089
1.49308e-06,-78.4978671
1.49312e-06,-78.7263616
1.49316e-06,-210.0
1.4932e-06,-78.9929233
1.49324e-06,-83.5703771
1.49328e-06,-92.7326106
1.49332e-06,-80.8849932
1.49336e-06,-210.0
1.4934e-06,-210.0
1.49344e-06,-210.0
1.49348e-06,-82.8757584
1.49352e-06,-79.9450211
1.49356e-06,-210.0
1.4936e-06,-78.1298285
1.49364e-06,-210.0
1.49368e-06,-77.2730315
1.49372e-06,-82.2113499
1.49376e-06,-210.0
1.4938e-06,-77.9655063
1.49384e-06,-210.0
1.49388e-06,-75.8560587
1.49392e-06,-80.5879775
1.49396e-06,-79.1916839
1.494e-06,-79.6992632
1.49404e-06,-210.0
1.49408e-06,-80.7800899
1.49412e-06,-80.3504453
1.49416e-06,-74.2969444
1.4942e-06,-77.912205
1.49424e-06,-77.0404881
1.49428e-06,-210.0
1.49432e-06,-78.0770622
1.49436e-06,-77.9484535
1.4944e-06,-210.0
1.49444e-06,-210.0
1.49448e-06,-77.8265158
1.49452e-06,-89.5827606
1.49456e-06,-79.3739854
1.4946e-06,-77.1405352
1.49464e-06,-210.0
1.49468e-06,-77.2633028
1.49472e-06,-88.9573939
1.49476e-06,-92.8890825
1.4948e-06,-210.0
1.49484e-06,-83.3466891
1.49488e-06,-210.0
1.49492e-06,-76.8501387
1.49496e-06,-78.6331318
1.495e-06,-82.3453101
1.49504e-06,-78.4858233
1.49508e-06,-81.3596017
1.49512e-06,-77.2852283
1.49516e-06,-210.0
1.4952e-06,-80.2159551
1.49524e-06,-80.2766913
1.49528e-06,-78.8151035
1.49532e-06,-210.0
1.49536e-06,-77.2544212
1.4954e-06,-82.221518
1.49544e-06,-96.8839956
1.49548e-06,-83.0228288
1.49552e-06,-84.428676
1.49556e-06,-77.2056129
1.4956e-06,-210.0
1.49564e-06,-80.9262308
1.49568e-06,-81.2086523
1.49572e-06,-79.3139875
1.49576e-06,-76.9421478
1.4958e-06,-88.8938266
1.49584e-06,-76.9329299
1.49588e-06,-83.0543492
1.49592e-06,-81.2666073
1.49596e-06,-210.0
1.496e-06,-80.665332
1.49604e-06,-79.7940814
1.49608e-06,-83.1149589
1.49612e-06,-210.0
1.49616e-06,-78.4352288
1.4962e-06,-89.8575019
1.49624e-06,-77.4347318
1.49628e-06,-80.9382304
1.49632e-06,-77.7436903
1.49636e-06,-81.2460933
1.4964e-06,-210.0
1.49644e-06,-78.9602783
1.49648e-06,-80.9884016
1.49652e-06,-210.0
1.49656e-06,-79.4327794
1.4966e-06,-90.9342627
1.49664e-06,-210.0
1.49668e-06,-81.3677627
1.49672e-06,-79.0471895
1.49676e-06,-210.0
1.4968e-06,-86.6195649
1.49684e-06,-79.1873545
1.49688e-06,-97.8606785
1.49692e-06,-210.0
1.49696e-06,-82.9196504
1.497e-06,-210.0
1.49704e-06,-75.8052827
1.49708e-06,-79.87723
1.49712e-06,-76.9615349
1.49716e-06,-210.0
1.4972e-06,-76.0442641
1.49724e-06,-210.0
1.49728e-06,-81.8973184
1.49732e-06,-78.1249297
1.49736e-06,-210.0
1.4974e-06,-83.9090337
1.49744e-06,-210.0
1.49748e-06,-79.5003975
1.49752e-06,-82.8778674
1.49756e-06,-79.9185964
1.4976e-06,-76.4055448
1.49764e-06,-85.0385279
1.49768e-06,-210.0
1.49772e-06,-77.4124891
1.49776e-06,-210.0
1.4978e-06,-75.3254495
1.49784e-06,-87.8132284
1.49788e-06,-78.3649157
1.49792e-06,-85.7242502
1.49796e-06,-80.1638237
1.498e-06,-210.0
1.49804e-06,-80.9378544
1.49808e-06,-81.0334742
1.49812e-06,-80.8748427
1.49816e-06,-79.254464
1.4982e-06,-77.7914755
1.49824e-06,-210.0
1.49828e-06,-79.2974833
1.49832e-06,-82.0774279
1.49836e-06,-77.4422709
1.4984e-06,-82.2072394
1.49844e-06,-210.0
1.49848e-06,-78.5319291
1.49852e-06,-210.0
1.49856e-06,-78.1237682
1.4986e-06,-79.6346617
1.49864e-06,-80.1383426
1.49868e-06,-79.5251064
1.49872e-06,-210.0
1.49876e-06,-76.2524428
1.4988e-06,-210.0
1.49884e-06,-77.1324164
1.49888e-06,-86.6524691
1.49892e-06,-77.7547103
1.49896e-06,-93.9850587
1.499e-06,-81.8969538
1.49904e-06,-83.8033681
1.49908e-06,-76.5685075
1.49912e-06,-92.5760565
1.49916e-06,-210.0
1.4992e-06,-79.92955
1.49924e-06,-78.3806025
1.49928e-06,-210.0
1.49932e-06,-81.9810425
1.49936e-06,-80.6860316
1.4994e-06,-210.0
1.49944e-06,-210.0
1.49948e-06,-82.384271
1.49952e-06,-86.0952469
1.49956e-06,-210.0
1.4996e-06,-76.4791419
1.49964e-06,-210.0
1.49968e-06,-82.007017
1.49972e-06,-78.4448565
1.49976e-06,-80.7987637
1.4998e-06,-210.0
1.49984e-06,-74.7076606
1.49988e-06,-77.9001826
1.49992e-06,-89.75825
1.49996e-06,-210.0
1.5e-06,-76.9185396
1.50004e-06,-77.8819057
1.50008e-06,-210.0
1.50012e-06,-80.6600487
1.50016e-06,-80.6048655
1.5002e-06,-210.0
1.50024e-06,-87.0150051
1.50028e-06,-210.0
1.50032e-06,-77.4222287
1.50036e-06,-89.2110416
1.5004e-06,-77.7429769
1.50044e-06,-83.5676636
1.50048e-06,-80.2463408
1.50052e-06,-78.1508232
1.50056e-06,-80.1615715
1.5006e-06,-210.0
1.50064e-06,-79.8559259
1.50068e-06,-82.9593512
1.50072e-06,-84.7713645
1.50076e-06,-75.9328137
1.5008e-06,-84.8622669
1.50084e-06,-76.7198871
1.50088e-06,-88.5865874
1.50092e-06,-210.0
1.50096e-06,-79.3256386
1.501e-06,-86.7966826
1.50104e-06,-82.357404
1.50108e-06,-210.0
1.50112e-06,-79.3160886
1.50116e-06,-78.8204517
1.5012e-06,-79.8228155
1.50124e-06,-210.0
1.50128e-06,-82.3110066
1.50132e-06,-76.1116127
1.50136e-06,-210.0
1.5014e-06,-81.7078673
1.50144e-06,-83.1950542
1.50148e-06,-78.1323126
1.50152e-06,-97.2561463
1.50156e-06,-210.0
1.5016e-06,-79.5403927
1.50164e-06,-78.276798
1.50168e-06,-210.0
1.50172e-06,-77.3345415
1.50176e-06,-98.9269091
1.5018e-06,-79.1787836
1.50184e-06,-81.2802668
1.50188e-06,-82.1667762
1.50192e-06,-79.7941159
1.50196e-06,-84.4524402
1.502e-06,-80.8502986
1.50204e-06,-210.0
1.50208e-06,-88.5377326
1.50212e-06,-210.0
1.50216e-06,-76.2210928
1.5022e-06,-210.0
1.50224e-06,-79.7529965
1.50228e-06,-96.3883661
1.50232e-06,-82.9580892
1.50236e-06,-81.7485515
1.5024e-06,-85.7542463
1.50244e-06,-75.6709693
1.50248e-06,-88.2398791
1.50252e-06,-210.0
1.50256e-06,-81.9816302
1.5026e-06,-79.5420263
1.50264e-06,-83.7892671
1.50268e-06,-88.4639173
1.50272e-06,-210.0
1.50276e-06,-210.0
1.5028e-06,-76.6062543
1.50284e-06,-79.6015871
1.50288e-06,-79.5360316
1.50292e-06,-210.0
1.50296e-06,-82.2186437
1.503e-06,-83.4023589
1.50304e-06,-80.0879951
1.50308e-06,-81.2329503
1.50312e-06,-210.0
1.50316e-06,-210.0
1.5032e-06,-84.7184181
1.50324e-06,-76.6656119
1.50328e-06,-78.7189626
1.50332e-06,-81.2908594
1.50336e-06,-83.5849174
1.5034e-06,-76.5019817
1.50344e-06,-210.0
1.50348e-06,-210.0
1.50352e-06,-210.0
1.50356e-06,-76.1573516
1.5036e-06,-79.1541635
1.50364e-06,-84.9369443
1.50368e-06,-78.9240037
1.50372e-06,-210.0
1.50376e-06,-210.0
1.5038e-06,-80.1829562
1.50384e-06,-210.0
1.50388e-06,-77.333764
1.50392e-06,-210.0
1.50396e-06,-82.5988289
1.504e-06,-79.7697024
1.50404e-06,-210.0
1.50408e-06,-77.413188
1.50412e-06,-210.0
1.50416e-06,-84.1303751
1.5042e-06,-80.7959872
1.50424e-06,-210.0
1.50428e-06,-77.5463291
1.50432e-06,-210.0
1.50436e-06,-85.6460412
1.5044e-06,-77.6561834
1.50444e-06,-210.0
1.50448e-06,-83.300028
1.50452e-06,-78.4533354
1.50456e-06,-82.3252981
1.5046e-06,-210.0
1.50464e-06,-75.8956978
1.50468e-06,-99.8079926
1.50472e-06,-210.0
1.50476e-06,-79.2585501
1.5048e-06,-85.2229647
1.50484e-06,-210.0
1.50488e-06,-210.0
1.50492e-06,-77.6782033
1.50496e-06,-81.462395
1.505e-06,-210.0
1.50504e-06,-91.7088089
1.50508e-06,-210.0
1.50512e-06,-80.6373861
1.50516e-06,-83.1750468
1.5052e-06,-85.7342531
1.50524e-06,-79.323074
1.50528e-06,-210.0
1.50532e-06,-81.8147657
1.50536e-06,-81.5254315
1.5054e-06,-85.5676521
1.50544e-06,-210.0
1.50548e-06,-79.6975867
1.50552e-06,-81.0263619
1.50556e-06,-76.4883012
1.5056e-06,-84.4747844
1.50564e-06,-210.0
1.50568e-06,-210.0
1.50572e-06,-78.2890833
1.50576e-06,-87.9158628
1.5058e-06,-210.0
1.50584e-06,-79.4646714
1.50588e-06,-210.0
1.50592e-06,-77.2972685
1.50596e-06,-84.3244545
1.506e-06,-210.0
1.50604e-06,-78.9032835
1.50608e-06,-79.7335126
1.50612e-06,-210.0
1.50616e-06,-84.0707948
1.5062e-06,-77.826709
1.50624e-06,-210.0
1.50628e-06,-80.9549683
1.50632e-06,-210.0
1.50636e-06,-78.6890585
1.5064e-06,-82.1580272
1.50644e-06,-210.0
1.50648e-06,-83.3057642
1.50652e-06,-83.0225623
1.50656e-06,-210.0
1.5066e-06,-77.3548731
1.50664e-06,-210.0
1.50668e-06,-210.0
1.50672e-06,-103.760023
1.50676e-06,-210.0
1.5068e-06,-81.7755317
1.50684e-06,-85.3155404
1.50688e-06,-79.5992987
1.50692e-06,-210.0
1.50696e-06,-210.0
1.507e-06,-210.0
1.50704e-06,-77.6926974
1.50708e-06,-78.4490768
1.50712e-06,-210.0
1.50716e-06,-210.0
1.5072e-06,-81.0046287
1.50724e-06,-80.0732546
1.50728e-06,-210.0
1.50732e-06,-210.0
1.50736e-06,-80.387265
1.5074e-06,-210.0
1.50744e-06,-84.3794545
1.50748e-06,-210.0
1.50752e-06,-80.469017
1.50756e-06,-82.5618475
1.5076e-06,-210.0
1.50764e-06,-80.5232152
1.50768e-06,-210.0
1.50772e-06,-77.0681752
1.50776e-06,-80.9012466
1.5078e-06,-210.0
1.50784e-06,-84.3172919
1.50788e-06,-80.3985617
1.50792e-06,-86.9778553
1.50796e-06,-210.0
1.508e-06,-88.4878872
1.50804e-06,-82.2703027
1.50808e-06,-81.9032484
1.50812e-06,-80.0171047
1.50816e-06,-210.0
1.5082e-06,-88.9281966
1.50824e-06,-86.3764402
1.50828e-06,-210.0
1.50832e-06,-82.8753424
1.50836e-06,-77.410205
1.5084e-06,-83.4780677
1.50844e-06,-76.6758402
1.50848e-06,-94.9626887
1.50852e-06,-78.6881684
1.50856e-06,-85.9875717
1.5086e-06,-76.6239546
1.50864e-06,-84.4221229
1.50868e-06,-80.4239225
1.50872e-06,-82.7914844
1.50876e-06,-76.9512034
1.5088e-06,-84.0875324
1.50884e-06,-86.3854391
1.50888e-06,-80.4156318
1.50892e-06,-210.0
1.50896e-06,-210.0
1.509e-06,-78.3094484
1.50904e-06,-210.0
1.50908e-06,-84.162457
1.50912e-06,-210.0
1.50916e-06,-210.0
1.5092e-06,-80.5789063
1.50924e-06,-79.9161088
1.50928e-06,-82.4322882
1.50932e-06,-81.8732818
1.50936e-06,-210.0
1.5094e-06,-77.7856846
1.50944e-06,-79.5680479
1.50948e-06,-82.227769
1.50952e-06,-81.6982278
1.50956e-06,-81.6343878
1.5096e-06,-88.8544923
1.50964e-06,-210.0
1.50968e-06,-82.35005
1.50972e-06,-210.0
1.50976e-06,-78.2258257
1.5098e-06,-210.0
1.50984e-06,-80.5165546
1.50988e-06,-210.0
1.50992e-06,-82.870073
1.50996e-06,-103.047753
1.51e-06,-82.2668035
1.51004e-06,-210.0
1.51008e-06,-83.3985979
1.51012e-06,-77.9990297
1.51016e-06,-81.1373217
1.5102e-06,-210.0
1.51024e-06,-87.2029757
1.51028e-06,-82.3020154
1.51032e-06,-81.3212004
1.51036e-06,-78.0228576
1.5104e-06,-210.0
1.51044e-06,-78.4846251
1.51048e-06,-82.0239035
1.51052e-06,-90.6081995
1.51056e-06,-81.45443
1.5106e-06,-210.0
1.51064e-06,-84.6147534
1.51068e-06,-87.4462897
1.51072e-06,-76.4250611
1.51076e-06,-210.0
1.5108e-06,-79.1303489
1.51084e-06,-82.3101122
1.51088e-06,-210.0
1.51092e-06,-82.558261
1.51096e-06,-78.9911614
1.511e-06,-210.0
1.51104e-06,-210.0
1.51108e-06,-78.3044343
1.51112e-06,-83.83229
1.51116e-06,-79.1314048
1.5112e-06,-85.3911025
1.51124e-06,-84.728184
1.51128e-06,-84.4021243
1.51132e-06,-81.7037886
1.51136e-06,-76.5361502
1.5114e-06,-210.0
1.51144e-06,-79.0068815
1.51148e-06,-210.0
1.51152e-06,-79.0493029
1.51156e-06,-210.0
1.5116e-06,-80.3468854
1.51164e-06,-210.0
1.51168e-06,-77.2169783
1.51172e-06,-80.1332147
1.51176e-06,-86.4409073
1.5118e-06,-210.0
1.51184e-06,-80.6757439
1.51188e-06,-76.6122533
1.51192e-06,-85.4241178
1.51196e-06,-77.5192547
1.512e-06,-210.0
1.51204e-06,-82.9450481
1.51208e-06,-210.0
1.51212e-06,-82.5835176
1.51216e-06,-81.3600177
1.5122e-06,-210.0
1.51224e-06,-80.1878071
1.51228e-06,-95.3912868
1.51232e-06,-84.0086781
1.51236e-06,-210.0
1.5124e-06,-78.4714535
1.51244e-06,-210.0
1.51248e-06,-93.1763862
1.51252e-06,-77.3974087
1.51256e-06,-210.0
1.5126e-06,-210.0
1.51264e-06,-97.6236998
1.51268e-06,-82.9221843
1.51272e-06,-210.0
1.51276e-06,-80.9991163
1.5128e-06,-79.4496684
1.51284e-06,-210.0
1.51288e-06,-87.1916435
1.51292e-06,-210.0
1.51296e-06,-80.6400761
1.513e-06,-210.0
1.51304e-06,-91.1001714
1.51308e-06,-210.0
1.51312e-06,-78.2768163
1.51316e-06,-81.0891043
1.5132e-06,-78.906981
1.51324e-06,-210.0
1.51328e-06,-74.7316226
1.51332e-06,-88.9146703
1.51336e-06,-80.336594
1.5134e-06,-210.0
1.51344e-06,-83.3415808
1.51348e-06,-78.2612046
1.51352e-06,-85.4973996
1.51356e-06,-82.1764678
1.5136e-06,-210.0
1.51364e-06,-78.6260787
1.51368e-06,-78.9930178
1.51372e-06,-210.0
1.51376e-06,-79.551214
1.5138e-06,-82.7075115
1.51384e-06,-210.0
1.51388e-06,-79.0000022
1.51392e-06,-84.3999668
1.51396e-06,-80.3905343
1.514e-06,-210.0
1.51404e-06,-210.0
1.51408e-06,-84.9997247
1.51412e-06,-78.4488119
1.51416e-06,-81.7036272
1.5142e-06,-210.0
1.51424e-06,-210.0
1.51428e-06,-81.1572938
1.51432e-06,-82.4079858
1.51436e-06,-79.8507864
1.5144e-06,-79.7577409
1.51444e-06,-88.1199153
1.51448e-06,-85.1258946
1.51452e-06,-89.0939166
1.51456e-06,-82.2392457
1.5146e-06,-78.4746153
1.51464e-06,-97.9444287
1.51468e-06,-81.0842681
1.51472e-06,-79.3997477
1.51476e-06,-210.0
1.5148e-06,-210.0
1.51484e-06,-80.4485945
1.51488e-06,-210.0
1.51492e-06,-78.497611
1.51496e-06,-210.0
1.515e-06,-78.6210485
1.51504e-06,-210.0
1.51508e-06,-85.6185339
1.51512e-06,-78.1600695
1.51516e-06,-88.8398888
1.5152e-06,-210.0
1.51524e-06,-80.2303125
1.51528e-06,-210.0
1.51532e-06,-84.6845679
1.51536e-06,-83.6775065
1.5154e-06,-82.560991
1.51544e-06,-77.7084934
1.51548e-06,-210.0
1.51552e-06,-78.2428163
1.51556e-06,-210.0
1.5156e-06,-80.9059793
1.51564e-06,-84.4328166
1.51568e-06,-77.7778514
1.51572e-06,-210.0
1.51576e-06,-80.7639705
1.5158e-06,-80.0342071
1.51584e-06,-84.8234879
1.51588e-06,-78.5658923
1.51592e-06,-210.0
1.51596e-06,-79.2181441
1.516e-06,-210.0
1.51604e-06,-78.7058258
1.51608e-06,-85.9797727
1.51612e-06,-210.0
1.51616e-06,-210.0
1.5162e-06,-77.7501187
1.51624e-06,-82.8595961
1.51628e-06,-74.8268642
1.51632e-06,-210.0
1.51636e-06,-77.2344155
1.5164e-06,-210.0
1.51644e-06,-210.0
1.51648e-06,-210.0
1.51652e-06,-76.5270892
1.51656e-06,-210.0
1.5166e-06,-77.9587511
1.51664e-06,-81.2395824
1.51668e-06,-210.0
1.51672e-06,-210.0
1.51676e-06,-78.091812
1.5168e-06,-108.872598
1.51684e-06,-76.9495295
1.51688e-06,-78.9341503
1.51692e-06,-210.0
1.51696e-06,-83.9002179
1.517e-06,-210.0
1.51704e-06,-89.3451094
1.51708e-06,-78.8312695
1.51712e-06,-210.0
1.51716e-06,-210.0
1.5172e-06,-78.1936603
1.51724e-06,-81.3043535
1.51728e-06,-210.0
1.51732e-06,-81.2081308
1.51736e-06,-77.9079948
1.5174e-06,-101.794982
1.51744e-06,-81.8116662
1.51748e-06,-88.2483542
1.51752e-06,-84.1745806
1.51756e-06,-87.4340631
1.5176e-06,-210.0
1.51764e-06,-84.3911054
1.51768e-06,-79.3187181
1.51772e-06,-80.1792952
1.51776e-06,-76.955821
1.5178e-06,-210.0
1.51784e-06,-210.0
1.51788e-06,-76.0634995
1.51792e-06,-82.7983002
1.51796e-06,-210.0
1.518e-06,-79.2737306
1.51804e-06,-79.1269203
1.51808e-06,-210.0
1.51812e-06,-210.0
1.51816e-06,-210.0
1.5182e-06,-76.9689633
1.51824e-06,-83.679221
1.51828e-06,-91.0722368
1.51832e-06,-77.7873682
1.51836e-06,-84.7045229
1.5184e-06,-82.814705
1.51844e-06,-84.4209474
1.51848e-06,-77.7215566
1.51852e-06,-210.0
1.51856e-06,-85.9271261
1.5186e-06,-80.7532584
1.51864e-06,-82.2226522
1.51868e-06,-87.1510466
1.51872e-06,-210.0
1.51876e-06,-210.0
1.5188e-06,-77.8655301
1.51884e-06,-82.6059685
1.51888e-06,-94.8554429
1.51892e-06,-210.0
1.51896e-06,-210.0
1.519e-06,-79.2087118
1.51904e-06,-210.0
1.51908e-06,-87.4140864
1.51912e-06,-79.4393909
1.51916e-06,-80.2618182
1.5192e-06,-80.3968336
1.51924e-06,-210.0
1.51928e-06,-76.7948078
1.51932e-06,-210.0
1.51936e-06,-78.2141141
1.5194e-06,-89.4134723
1.51944e-06,-84.1595909
1.51948e-06,-210.0
1.51952e-06,-76.8404738
1.51956e-06,-80.188824
1.5196e-06,-80.9613196
1.51964e-06,-85.5343868
1.51968e-06,-92.9965923
1.51972e-06,-83.5270804
1.51976e-06,-89.1235812
1.5198e-06,-81.2746076
1.51984e-06,-78.7755444
1.51988e-06,-87.6592457
1.51992e-06,-78.4592703
1.51996e-06,-76.7297596
1.52e-06,-87.6759829
1.52004e-06,-76.4879203
1.52008e-06,-81.380018
1.52012e-06,-77.1875733
1.52016e-06,-77.8733292
1.5202e-06,-210.0
1.52024e-06,-210.0
1.52028e-06,-210.0
1.52032e-06,-81.755318
1.52036e-06,-82.7874561
1.5204e-06,-81.8245276
1.52044e-06,-87.8674953
1.52048e-06,-78.8413802
1.52052e-06,-80.1127923
1.52056e-06,-210.0
1.5206e-06,-81.5255164
1.52064e-06,-210.0
1.52068e-06,-210.0
1.52072e-06,-210.0
1.52076e-06,-83.5144707
1.5208e-06,-80.6215226
1.52084e-06,-82.4878612
1.52088e-06,-77.840066
1.52092e-06,-86.0846783
1.52096e-06,-78.7785796
1.521e-06,-87.1277676
1.52104e-06,-210.0
1.52108e-06,-210.0
1.52112e-06,-210.0
1.52116e-06,-210.0
1.5212e-06,-94.0517742
1.52124e-06,-86.9206363
1.52128e-06,-210.0
1.52132e-06,-94.6135108
1.52136e-06,-79.2614946
1.5214e-06,-81.5625465
1.52144e-06,-210.0
1.52148e-06,-77.3749381
1.52152e-06,-210.0
1.52156e-06,-85.5638988
1.5216e-06,-210.0
1.52164e-06,-81.4297064
1.52168e-06,-210.0
1.52172e-06,-91.0438248
1.52176e-06,-86.6316711
1.5218e-06,-80.0450268
1.52184e-06,-210.0
1.52188e-06,-82.0089666
1.52192e-06,-210.0
1.52196e-06,-79.037965
1.522e-06,-85.9121706
1.52204e-06,-105.632236
1.52208e-06,-76.2562293
1.52212e-06,-210.0
1.52216e-06,-81.859385
1.5222e-06,-81.3527856
1.52224e-06,-76.4881676
1.52228e-06,-210.0
1.52232e-06,-210.0
1.52236e-06,-80.2049618
1.5224e-06,-78.6266273
1.52244e-06,-210.0
1.52248e-06,-80.0983315
1.52252e-06,-210.0
1.52256e-06,-82.0231938
1.5226e-06,-92.459232
1.52264e-06,-80.9778588
1.52268e-06,-83.4102897
1.52272e-06,-88.7225429
1.52276e-06,-79.2757616
1.5228e-06,-210.0
1.52284e-06,-210.0
1.52288e-06,-82.841185
1.52292e-06,-210.0
1.52296e-06,-87.4312686
1.523e-06,-86.2121785
1.52304e-06,-83.6365045
1.52308e-06,-210.0
1.52312e-06,-88.7426785
1.52316e-06,-78.8493704
1.5232e-06,-93.2437484
1.52324e-06,-210.0
1.52328e-06,-79.0863295
1.52332e-06,-210.0
1.52336e-06,-77.3238929
1.5234e-06,-82.0676032
1.52344e-06,-81.4545903
1.52348e-06,-77.6231978
1.52352e-06,-85.4971625
1.52356e-06,-83.6767281
1.5236e-06,-81.1610544
1.52364e-06,-210.0
1.52368e-06,-81.5648854
1.52372e-06,-81.6976034
1.52376e-06,-210.0
1.5238e-06,-83.3480427
1.52384e-06,-78.5635555
1.52388e-06,-90.3933236
1.52392e-06,-86.4719202
1.52396e-06,-210.0
1.524e-06,-79.1293388
1.52404e-06,-210.0
1.52408e-06,-79.8564123
1.52412e-06,-78.7709227
1.52416e-06,-76.6818063
1.5242e-06,-210.0
1.52424e-06,-210.0
1.52428e-06,-81.1925365
1.52432e-06,-86.4228372
1.52436e-06,-78.6215869
1.5244e-06,-82.2642565
1.52444e-06,-77.5420084
1.52448e-06,-80.6048619
1.52452e-06,-210.0
1.52456e-06,-76.096452
1.5246e-06,-210.0
1.52464e-06,-76.8097393
1.52468e-06,-79.5054511
1.52472e-06,-91.9390003
1.52476e-06,-210.0
1.5248e-06,-79.9764189
1.52484e-06,-84.9703535
1.52488e-06,-80.7869293
1.52492e-06,-91.7809864
1.52496e-06,-77.9539691
1.525e-06,-210.0
1.52504e-06,-89.2166963
1.52508e-06,-76.6899629
1.52512e-06,-80.0739073
1.52516e-06,-210.0
1.5252e-06,-210.0
1.52524e-06,-83.8260254
1.52528e-06,-81.7209535
1.52532e-06,-86.8066606
1.52536e-06,-78.2585277
1.5254e-06,-210.0
1.52544e-06,-78.8448204
1.52548e-06,-210.0
1.52552e-06,-210.0
1.52556e-06,-79.1808836
1.5256e-06,-210.0
1.52564e-06,-79.4394498
1.52568e-06,-80.8947183
1.52572e-06,-210.0
1.52576e-06,-80.4931694
1.5258e-06,-81.3777684
1.52584e-06,-210.0
1.52588e-06,-210.0
1.52592e-06,-210.0
1.52596e-06,-210.0
1.526e-06,-78.3167734
1.52604e-06,-80.7625407
1.52608e-06,-81.4677575
1.52612e-06,-82.4916234
1.52616e-06,-76.025345
1.5262e-06,-210.0
1.52624e-06,-77.4370672
1.52628e-06,-210.0
1.52632e-06,-79.1468287
1.52636e-06,-82.7524581
1.5264e-06,-81.8267625
1.52644e-06,-76.1014705
1.52648e-06,-210.0
1.52652e-06,-210.0
1.52656e-06,-82.1475039
1.5266e-06,-210.0
1.52664e-06,-82.1682457
1.52668e-06,-210.0
1.52672e-06,-79.3168625
1.52676e-06,-210.0
1.5268e-06,-79.5024508
1.52684e-06,-78.4701313
1.52688e-06,-79.8448805
1.52692e-06,-83.2847445
1.52696e-06,-210.0
1.527e-06,-77.9924265
1.52704e-06,-210.0
1.52708e-06,-210.0
1.52712e-06,-75.7322185
1.52716e-06,-210.0
1.5272e-06,-78.9726393
1.52724e-06,-80.0610531
1.52728e-06,-82.4491859
1.52732e-06,-210.0
1.52736e-06,-81.3392857
1.5274e-06,-210.0
1.52744e-06,-78.0439933
1.52748e-06,-83.6355209
1.52752e-06,-86.2815253
1.52756e-06,-210.0
1.5276e-06,-210.0
1.52764e-06,-78.3659208
1.52768e-06,-210.0
1.52772e-06,-86.9399609
1.52776e-06,-82.4342301
1.5278e-06,-76.7219037
1.52784e-06,-210.0
1.52788e-06,-77.9121615
1.52792e-06,-77.2533774
1.52796e-06,-210.0
1.528e-06,-210.0
1.52804e-06,-80.2807595
1.52808e-06,-210.0
1.52812e-06,-78.2565612
1.52816e-06,-210.0
1.5282e-06,-83.8565234
1.52824e-06,-84.210316
1.52828e-06,-210.0
1.52832e-06,-76.681585
1.52836e-06,-79.5004679
1.5284e-06,-210.0
1.52844e-06,-210.0
1.52848e-06,-75.9923653
1.52852e-06,-87.6718137
1.52856e-06,-81.1086771
1.5286e-06,-81.8351745
1.52864e-06,-210.0
1.52868e-06,-78.8740618
1.52872e-06,-83.7973737
1.52876e-06,-78.4034319
1.5288e-06,-79.1942057
1.52884e-06,-86.3118491
1.52888e-06,-80.3807251
1.52892e-06,-80.2907029
1.52896e-06,-210.0
1.529e-06,-210.0
1.52904e-06,-76.1829897
1.52908e-06,-98.4516023
1.52912e-06,-77.4219582
1.52916e-06,-83.7735508
1.5292e-06,-210.0
1.52924e-06,-80.405596
1.52928e-06,-88.2264527
1.52932e-06,-84.5368838
1.52936e-06,-210.0
1.5294e-06,-81.4080237
1.52944e-06,-210.0
1.52948e-06,-83.454054
1.52952e-06,-84.1560194
1.52956e-06,-84.5599779
1.5296e-06,-81.2784251
1.52964e-06,-81.4500786
1.52968e-06,-210.0
1.52972e-06,-210.0
1.52976e-06,-81.557807
1.5298e-06,-78.2705114
1.52984e-06,-210.0
1.52988e-06,-92.452288
1.52992e-06,-80.4149295
1.52996e-06,-210.0
1.53e-06,-87.1182726
1.53004e-06,-95.2611811
1.53008e-06,-84.915023
1.53012e-06,-79.1319314
1.53016e-06,-210.0
1.5302e-06,-210.0
1.53024e-06,-210.0
1.53028e-06,-74.9250641
1.53032e-06,-78.795513
1.53036e-06,-84.4543809
1.5304e-06,-87.1386676
1.53044e-06,-210.0
1.53048e-06,-82.1334151
1.53052e-06,-210.0
1.53056e-06,-210.0
1.5306e-06,-83.6555501
1.53064e-06,-82.7212022
1.53068e-06,-89.6046961
1.53072e-06,-77.599155
1.53076e-06,-83.2551985
1.5308e-06,-77.9853758
1.53084e-06,-210.0
1.53088e-06,-210.0
1.53092e-06,-78.9857258
1.53096e-06,-80.0891721
1.531e-06,-84.1696628
1.53104e-06,-80.6055452
1.53108e-06,-210.0
1.53112e-06,-79.013601
1.53116e-06,-210.0
1.5312e-06,-77.0365493
1.53124e-06,-90.12999
1.53128e-06,-87.652354
1.53132e-06,-85.6767267
1.53136e-06,-76.5885205
1.5314e-06,-210.0
1.53144e-06,-87.7753073
1.53148e-06,-210.0
1.53152e-06,-210.0
1.53156e-06,-80.6648481
1.5316e-06,-80.1072392
1.53164e-06,-210.0
1.53168e-06,-82.5255552
1.53172e-06,-94.0058141
1.53176e-06,-79.7889778
1.5318e-06,-84.6878149
1.53184e-06,-210.0
1.53188e-06,-81.4500219
1.53192e-06,-82.2612408
1.53196e-06,-210.0
1.532e-06,-83.7519768
1.53204e-06,-210.0
1.53208e-06,-75.1113544
1.53212e-06,-91.3224176
1.53216e-06,-210.0
1.5322e-06,-81.0195322
1.53224e-06,-80.6540098
1.53228e-06,-75.0555294
1.53232e-06,-80.2493953
1.53236e-06,-86.0669979
1.5324e-06,-78.0735136
1.53244e-06,-210.0
1.53248e-06,-85.4471511
1.53252e-06,-210.0
1.53256e-06,-80.2637915
1.5326e-06,-210.0
1.53264e-06,-83.8441487
1.53268e-06,-210.0
1.53272e-06,-77.8310555
1.53276e-06,-83.7980279
1.5328e-06,-210.0
1.53284e-06,-82.5261678
1.53288e-06,-81.6645464
1.53292e-06,-81.3541576
1.53296e-06,-210.0
1.533e-06,-210.0
1.53304e-06,-210.0
1.53308e-06,-84.9142154
1.53312e-06,-95.2411403
1.53316e-06,-80.2346857
1.5332e-06,-210.0
1.53324e-06,-81.2976137
1.53328e-06,-210.0
1.53332e-06,-78.1531523
1.53336e-06,-86.4463024
1.5334e-06,-80.6572581
1.53344e-06,-99.5658904
1.53348e-06,-82.7858346
1.53352e-06,-78.6944881
1.53356e-06,-210.0
1.5336e-06,-81.1937026
1.53364e-06,-82.6345387
1.53368e-06,-210.0
1.53372e-06,-81.4293442
1.53376e-06,-210.0
1.5338e-06,-83.6242536
1.53384e-06,-80.9368064
1.53388e-06,-79.1062511
1.53392e-06,-76.456997
1.53396e-06,-210.0
1.534e-06,-76.9234951
1.53404e-06,-88.4178952
1.53408e-06,-90.7640839
1.53412e-06,-77.7755689
1.53416e-06,-210.0
1.5342e-06,-79.1805185
1.53424e-06,-81.7203222
1.53428e-06,-210.0
1.53432e-06,-80.8401559
1.53436e-06,-210.0
1.5344e-06,-210.0
1.53444e-06,-87.4470701
1.53448e-06,-210.0
1.53452e-06,-75.9937102
1.53456e-06,-80.932554
1.5346e-06,-210.0
1.53464e-06,-79.9589315
1.53468e-06,-210.0
1.53472e-06,-82.4513945
1.53476e-06,-92.0350285
1.5348e-06,-87.8537105
1.53484e-06,-210.0
1.53488e-06,-210.0
1.53492e-06,-210.0
1.53496e-06,-83.1969606
1.535e-06,-79.5669886
1.53504e-06,-76.0047128
1.53508e-06,-210.0
1.53512e-06,-79.1488101
1.53516e-06,-210.0
1.5352e-06,-81.3624804
1.53524e-06,-90.4026239
1.53528e-06,-210.0
1.53532e-06,-210.0
1.53536e-06,-77.7483184
1.5354e-06,-81.3279252
1.53544e-06,-80.8588156
1.53548e-06,-82.7324741
1.53552e-06,-78.5502651
1.53556e-06,-210.0
1.5356e-06,-210.0
1.53564e-06,-81.8793474
1.53568e-06,-210.0
1.53572e-06,-84.5559779
1.53576e-06,-77.8390437
1.5358e-06,-80.6839315
1.53584e-06,-88.2911732
1.53588e-06,-82.3444284
1.53592e-06,-77.8122756
1.53596e-06,-82.623262
1.536e-06,-210.0
1.53604e-06,-81.8431705
1.53608e-06,-87.5653848
1.53612e-06,-210.0
1.53616e-06,-80.268345
1.5362e-06,-83.0856718
1.53624e-06,-82.6262617
1.53628e-06,-210.0
1.53632e-06,-82.8788155
1.53636e-06,-210.0
1.5364e-06,-210.0
1.53644e-06,-86.1610347
1.53648e-06,-80.2763718
1.53652e-06,-210.0
1.53656e-06,-78.3753292
1.5366e-06,-210.0
1.53664e-06,-87.255811
1.53668e-06,-210.0
1.53672e-06,-210.0
1.53676e-06,-78.369428
1.5368e-06,-77.5321685
1.53684e-06,-82.8764777
1.53688e-06,-82.0488407
1.53692e-06,-78.6283468
1.53696e-06,-83.1952956
1.537e-06,-76.1033221
1.53704e-06,-92.0406326
1.53708e-06,-210.0
1.53712e-06,-78.9881751
1.53716e-06,-79.4873324
1.5372e-06,-87.5304832
1.53724e-06,-87.5304857
1.53728e-06,-78.4791726
1.53732e-06,-81.9030746
1.53736e-06,-84.1211657
1.5374e-06,-80.8613183
1.53744e-06,-86.4437571
1.53748e-06,-210.0
1.53752e-06,-87.0506471
1.53756e-06,-210.0
1.5376e-06,-83.1844334
1.53764e-06,-75.9806873
1.53768e-06,-78.3111658
1.53772e-06,-210.0
1.53776e-06,-210.0
1.5378e-06,-78.6549197
1.53784e-06,-210.0
1.53788e-06,-86.8248206
1.53792e-06,-80.1276476
1.53796e-06,-210.0
1.538e-06,-210.0
1.53804e-06,-210.0
1.53808e-06,-82.241998
1.53812e-06,-210.0
1.53816e-06,-83.7746897
1.5382e-06,-76.5297606
1.53824e-06,-95.8400114
1.53828e-06,-83.9666484
1.53832e-06,-210.0
1.53836e-06,-210.0
1.5384e-06,-79.0797578
1.53844e-06,-210.0
1.53848e-06,-79.4640151
1.53852e-06,-210.0
1.53856e-06,-210.0
1.5386e-06,-91.3680841
1.53864e-06,-77.7282373
1.53868e-06,-210.0
1.53872e-06,-80.2265088
1.53876e-06,-85.6635636
1.5388e-06,-210.0
1.53884e-06,-78.2305568
1.53888e-06,-210.0
1.53892e-06,-210.0
1.53896e-06,-79.2703288
1.539e-06,-80.965066
1.53904e-06,-92.3487282
1.53908e-06,-79.0661916
1.53912e-06,-210.0
1.53916e-06,-84.3855846
1.5392e-06,-210.0
1.53924e-06,-210.0
1.53928e-06,-77.7241721
1.53932e-06,-210.0
1.53936e-06,-78.3181627
1.5394e-06,-210.0
1.53944e-06,-75.0743077
1.53948e-06,-83.3349399
1.53952e-06,-210.0
1.53956e-06,-77.2407842
1.5396e-06,-210.0
1.53964e-06,-210.0
1.53968e-06,-210.0
1.53972e-06,-210.0
1.53976e-06,-76.5271136
1.5398e-06,-78.460525
1.53984e-06,-210.0
1.53988e-06,-210.0
1.53992e-06,-83.9571913
1.53996e-06,-210.0
1.54e-06,-78.3960824
1.54004e-06,-210.0
1.54008e-06,-80.1607841
1.54012e-06,-80.916608
1.54016e-06,-84.4772642
1.5402e-06,-82.0548775
1.54024e-06,-85.8070228
1.54028e-06,-82.1733387
1.54032e-06,-78.3447321
1.54036e-06,-84.5469857
1.5404e-06,-210.0
1.54044e-06,-210.0
1.54048e-06,-77.8166513
1.54052e-06,-210.0
1.54056e-06,-81.2609553
1.5406e-06,-210.0
1.54064e-06,-78.156728
1.54068e-06,-88.6528355
1.54072e-06,-210.0
1.54076e-06,-82.4904067
1.5408e-06,-210.0
1.54084e-06,-210.0
1.54088e-06,-77.8069301
1.54092e-06,-86.5373267
1.54096e-06,-78.321472
1.541e-06,-210.0
1.54104e-06,-75.8861278
1.54108e-06,-210.0
1.54112e-06,-82.6956882
1.54116e-06,-85.853823
1.5412e-06,-77.8710432
1.54124e-06,-210.0
1.54128e-06,-78.2993717
1.54132e-06,-210.0
1.54136e-06,-76.2422448
1.5414e-06,-210.0
1.54144e-06,-79.8445244
1.54148e-06,-77.9706476
1.54152e-06,-80.6070258
1.54156e-06,-210.0
1.5416e-06,-79.6542546
1.54164e-06,-78.4058258
1.54168e-06,-210.0
1.54172e-06,-79.4196729
1.54176e-06,-82.7044002
1.5418e-06,-210.0
1.54184e-06,-77.8672833
1.54188e-06,-79.4760429
1.54192e-06,-84.6376821
1.54196e-06,-80.8715086
1.542e-06,-79.4712936
1.54204e-06,-210.0
1.54208e-06,-210.0
1.54212e-06,-77.4527705
1.54216e-06,-78.1056827
1.5422e-06,-82.3299752
1.54224e-06,-80.6517529
1.54228e-06,-210.0
1.54232e-06,-210.0
1.54236e-06,-210.0
1.5424e-06,-79.7427114
1.54244e-06,-82.1492085
1.54248e-06,-85.28602
1.54252e-06,-75.7042633
1.54256e-06,-81.3841235
1.5426e-06,-85.6891177
1.54264e-06,-82.9241612
1.54268e-06,-78.4203265
1.54272e-06,-210.0
1.54276e-06,-210.0
1.5428e-06,-210.0
1.54284e-06,-78.5626572
1.54288e-06,-91.9413245
1.54292e-06,-78.0493407
1.54296e-06,-210.0
1.543e-06,-210.0
1.54304e-06,-82.5386848
1.54308e-06,-210.0
1.54312e-06,-210.0
1.54316e-06,-77.5278886
1.5432e-06,-210.0
1.54324e-06,-80.1012155
1.54328e-06,-84.9134127
1.54332e-06,-86.7438827
1.54336e-06,-81.6316985
1.5434e-06,-210.0
1.54344e-06,-79.9066853
1.54348e-06,-210.0
1.54352e-06,-210.0
1.54356e-06,-79.8750929
1.5436e-06,-210.0
1.54364e-06,-86.2251211
1.54368e-06,-79.0517819
1.54372e-06,-82.6248618
1.54376e-06,-81.7841403
1.5438e-06,-81.4868836
1.54384e-06,-210.0
1.54388e-06,-210.0
1.54392e-06,-90.2346474
1.54396e-06,-83.6678099
1.544e-06,-79.7469787
1.54404e-06,-84.4953794
1.54408e-06,-77.4612161
1.54412e-06,-82.0100835
1.54416e-06,-81.8641999
1.5442e-06,-210.0
1.54424e-06,-78.035078
1.54428e-06,-210.0
1.54432e-06,-78.6879912
1.54436e-06,-83.0581981
1.5444e-06,-210.0
1.54444e-06,-84.8593632
1.54448e-06,-76.2937682
1.54452e-06,-210.0
1.54456e-06,-79.9831468
1.5446e-06,-89.2018749
1.54464e-06,-210.0
1.54468e-06,-84.6285198
1.54472e-06,-81.035734
1.54476e-06,-210.0
1.5448e-06,-81.794912
1.54484e-06,-210.0
1.54488e-06,-76.2173463
1.54492e-06,-77.1123618
1.54496e-06,-210.0
1.545e-06,-79.9831468
1.54504e-06,-87.5387601
1.54508e-06,-81.7011206
1.54512e-06,-210.0
1.54516e-06,-210.0
1.5452e-06,-210.0
1.54524e-06,-210.0
1.54528e-06,-78.1545587
1.54532e-06,-210.0
1.54536e-06,-210.0
1.5454e-06,-82.0319748
1.54544e-06,-80.2464888
1.54548e-06,-210.0
1.54552e-06,-77.745602
1.54556e-06,-112.582032
1.5456e-06,-86.5992688
1.54564e-06,-210.0
1.54568e-06,-81.9023817
1.54572e-06,-80.5520854
1.54576e-06,-82.7482089
1.5458e-06,-85.8443131
1.54584e-06,-76.3920509
1.54588e-06,-210.0
1.54592e-06,-210.0
1.54596e-06,-79.247018
1.546e-06,-210.0
1.54604e-06,-210.0
1.54608e-06,-77.8285569
1.54612e-06,-210.0
1.54616e-06,-78.0254729
1.5462e-06,-87.2530577
1.54624e-06,-85.7809671
1.54628e-06,-76.6182571
1.54632e-06,-210.0
1.54636e-06,-79.595876
1.5464e-06,-77.4017594
1.54644e-06,-210.0
1.54648e-06,-83.0942024
1.54652e-06,-210.0
1.54656e-06,-210.0
1.5466e-06,-210.0
1.54664e-06,-210.0
1.54668e-06,-75.4643385
1.54672e-06,-210.0
1.54676e-06,-89.9255112
1.5468e-06,-77.5522207
1.54684e-06,-83.5588087
1.54688e-06,-81.0102243
1.54692e-06,-82.4610493
1.54696e-06,-81.1540057
1.547e-06,-210.0
1.54704e-06,-210.0
1.54708e-06,-82.1395642
1.54712e-06,-78.6785782
1.54716e-06,-210.0
1.5472e-06,-210.0
1.54724e-06,-77.0426341
1.54728e-06,-210.0
1.54732e-06,-210.0
1.54736e-06,-210.0
1.5474e-06,-210.0
1.54744e-06,-210.0
1.54748e-06,-83.1226897
1.54752e-06,-210.0
1.54756e-06,-79.6473175
1.5476e-06,-81.4418867
1.54764e-06,-210.0
1.54768e-06,-82.9563041
1.54772e-06,-210.0
1.54776e-06,-78.4493496
1.5478e-06,-82.9182379
1.54784e-06,-84.8373217
1.54788e-06,-79.969843
1.54792e-06,-79.3586014
1.54796e-06,-210.0
1.548e-06,-79.4462308
1.54804e-06,-81.4423449
1.54808e-06,-84.2946937
1.54812e-06,-79.6230964
1.54816e-06,-210.0
1.5482e-06,-88.4369026
1.54824e-06,-99.9471839
1.54828e-06,-78.8165754
1.54832e-06,-84.4738599
1.54836e-06,-79.0042237
1.5484e-06,-78.3155727
1.54844e-06,-210.0
1.54848e-06,-79.3684678
1.54852e-06,-79.4412318
1.54856e-06,-210.0
1.5486e-06,-75.7184356
1.54864e-06,-77.0050771
1.54868e-06,-79.6567251
1.54872e-06,-88.1665408
1.54876e-06,-82.9419998
1.5488e-06,-79.1885054
1.54884e-06,-78.9432019
1.54888e-06,-210.0
1.54892e-06,-81.1244254
1.54896e-06,-76.3662892
1.549e-06,-93.6260701
1.54904e-06,-78.7382734
1.54908e-06,-210.0
1.54912e-06,-78.3645522
1.54916e-06,-78.3670967
1.5492e-06,-81.8703139
1.54924e-06,-81.5946794
1.54928e-06,-77.7576741
1.54932e-06,-79.512994
1.54936e-06,-81.4582185
1.5494e-06,-68.8821547
1.54944e-06,-61.7355742
1.54948e-06,-54.7565205
1.54952e-06,-48.9246611
1.54956e-06,-36.0283484
1.5496e-06,-27.4313558
1.54964e-06,-26.9058762
1.54968e-06,-28.3071889
1.54972e-06,-38.5357293
1.54976e-06,-50.6073011
1.5498e-06,-56.470438
1.54984e-06,-60.9940052
1.54988e-06,-65.7512554
1.54992e-06,-73.0601777
1.54996e-06,-81.362804
1.55e-06,-210.0
1.55004e-06,-79.7956918
1.55008e-06,-79.1591087
1.55012e-06,-210.0
1.55016e-06,-82.3859247
1.5502e-06,-210.0
1.55024e-06,-83.4902725
1.55028e-06,-84.5626501
1.55032e-06,-210.0
1.55036e-06,-90.6146423
1.5504e-06,-78.9456922
1.55044e-06,-77.7644571
1.55048e-06,-85.0264519
1.55052e-06,-78.2886776
1.55056e-06,-210.0
1.5506e-06,-77.485237
1.55064e-06,-210.0
1.55068e-06,-80.4993711
1.55072e-06,-86.6194414
1.55076e-06,-84.946814
1.5508e-06,-79.2499621
1.55084e-06,-77.8384002
1.55088e-06,-87.9296372
1.55092e-06,-77.62829
1.55096e-06,-82.4908159
1.551e-06,-83.6321873
1.55104e-06,-210.0
1.55108e-06,-210.0
1.55112e-06,-87.6623508
1.55116e-06,-77.8233537
1.5512e-06,-78.8983176
1.55124e-06,-97.0432164
1.55128e-06,-89.7681489
1.55132e-06,-79.0047065
1.55136e-06,-210.0
1.5514e-06,-75.688817
1.55144e-06,-210.0
1.55148e-06,-210.0
1.55152e-06,-84.6912029
1.55156e-06,-82.3061695
1.5516e-06,-210.0
1.55164e-06,-86.8238621
1.55168e-06,-78.3456805
1.55172e-06,-78.1449199
1.55176e-06,-210.0
1.5518e-06,-210.0
1.55184e-06,-210.0
1.55188e-06,-210.0
1.55192e-06,-78.4047477
1.55196e-06,-210.0
1.552e-06,-79.9776818
1.55204e-06,-89.2711838
1.55208e-06,-210.0
1.55212e-06,-78.8902807
1.55216e-06,-86.7527577
1.5522e-06,-81.7731666
1.55224e-06,-84.3674218
1.55228e-06,-79.1950599
1.55232e-06,-85.9299488
1.55236e-06,-77.3012933
1.5524e-06,-78.8908423
1.55244e-06,-210.0
1.55248e-06,-80.3896257
1.55252e-06,-84.3326254
1.55256e-06,-210.0
1.5526e-06,-210.0
1.55264e-06,-81.9138897
1.55268e-06,-210.0
1.55272e-06,-78.5447277
1.55276e-06,-210.0
1.5528e-06,-210.0
1.55284e-06,-84.8386935
1.55288e-06,-210.0
1.55292e-06,-77.32825
1.55296e-06,-77.9209208
1.553e-06,-210.0
1.55304e-06,-210.0
1.55308e-06,-210.0
1.55312e-06,-76.7805942
1.55316e-06,-86.0290111
1.5532e-06,-86.5742075
1.55324e-06,-77.9358485
1.55328e-06,-210.0
1.55332e-06,-79.8335537
1.55336e-06,-210.0
1.5534e-06,-84.9057837
1.55344e-06,-80.1348368
1.55348e-06,-210.0
1.55352e-06,-210.0
1.55356e-06,-79.4586668
1.5536e-06,-82.3887155
1.55364e-06,-85.1822303
1.55368e-06,-210.0
1.55372e-06,-90.7221204
1.55376e-06,-79.5085536
1.5538e-06,-210.0
1.55384e-06,-78.0433229
1.55388e-06,-210.0
1.55392e-06,-210.0
1.55396e-06,-83.3915359
1.554e-06,-82.1424855
1.55404e-06,-89.474646
1.55408e-06,-210.0
1.55412e-06,-81.6758081
1.55416e-06,-86.4028325
1.5542e-06,-210.0
1.55424e-06,-77.97302
1.55428e-06,-78.2054052
1.55432e-06,-83.0298781
1.55436e-06,-210.0
1.5544e-06,-80.2421566
1.55444e-06,-80.2153457
1.55448e-06,-89.7150426
1.55452e-06,-83.8110308
1.55456e-06,-88.3678235
1.5546e-06,-89.9044177
1.55464e-06,-82.0450702
1.55468e-06,-210.0
1.55472e-06,-79.1462209
1.55476e-06,-78.9536265
1.5548e-06,-82.3947363
1.55484e-06,-82.6164327
1.55488e-06,-210.0
1.55492e-06,-210.0
1.55496e-06,-83.4394246
1.555e-06,-210.0
1.55504e-06,-76.1665184
1.55508e-06,-84.0405474
1.55512e-06,-78.9231454
1.55516e-06,-98.0553595
1.5552e-06,-79.0921164
1.55524e-06,-76.1328402
1.55528e-06,-210.0
1.55532e-06,-210.0
1.55536e-06,-210.0
1.5554e-06,-86.1313976
1.55544e-06,-89.2500199
1.55548e-06,-80.4918158
1.55552e-06,-78.9129765
1.55556e-06,-80.3836797
1.5556e-06,-210.0
1.55564e-06,-81.2359358
1.55568e-06,-78.9487637
1.55572e-06,-86.3123868
1.55576e-06,-82.516393
1.5558e-06,-210.0
1.55584e-06,-86.436791
1.55588e-06,-97.9028524
1.55592e-06,-82.8378988
1.55596e-06,-77.0053679
1.556e-06,-210.0
1.55604e-06,-100.577124
1.55608e-06,-86.1567281
1.55612e-06,-79.2062059
1.55616e-06,-79.407888
1.5562e-06,-79.2084748
1.55624e-06,-85.2607722
1.55628e-06,-210.0
1.55632e-06,-84.2719549
1.55636e-06,-210.0
1.5564e-06,-210.0
1.55644e-06,-77.8089152
1.55648e-06,-210.0
1.55652e-06,-75.6694775
1.55656e-06,-85.4717587
1.5566e-06,-210.0
1.55664e-06,-210.0
1.55668e-06,-210.0
1.55672e-06,-77.0333664
1.55676e-06,-77.5572706
1.5568e-06,-210.0
1.55684e-06,-86.233733
1.55688e-06,-81.9749256
1.55692e-06,-81.188966
1.55696e-06,-210.0
1.557e-06,-210.0
1.55704e-06,-76.5350286
1.55708e-06,-210.0
1.55712e-06,-81.4083936
1.55716e-06,-79.6741299
1.5572e-06,-80.2855393
1.55724e-06,-87.6783499
1.55728e-06,-79.125789
1.55732e-06,-81.9498192
1.55736e-06,-210.0
1.5574e-06,-210.0
1.55744e-06,-210.0
1.55748e-06,-79.9647231
1.55752e-06,-80.9292008
1.55756e-06,-74.6215682
1.5576e-06,-210.0
1.55764e-06,-79.9554917
1.55768e-06,-210.0
1.55772e-06,-79.9826019
1.55776e-06,-210.0
1.5578e-06,-86.328361
1.55784e-06,-79.6296402
1.55788e-06,-210.0
1.55792e-06,-80.401433
1.55796e-06,-92.4781808
1.558e-06,-76.4689772
1.55804e-06,-85.565388
1.55808e-06,-78.9534515
1.55812e-06,-83.5501282
1.55816e-06,-76.8462343
1.5582e-06,-210.0
1.55824e-06,-210.0
1.55828e-06,-210.0
1.55832e-06,-78.3579379
1.55836e-06,-87.7762208
1.5584e-06,-84.377647
1.55844e-06,-90.7898871
1.55848e-06,-79.8358348
1.55852e-06,-78.6645249
1.55856e-06,-210.0
1.5586e-06,-210.0
1.55864e-06,-85.2423884
1.55868e-06,-81.0741368
1.55872e-06,-210.0
1.55876e-06,-87.0831425
1.5588e-06,-84.163981
1.55884e-06,-92.0777329
1.55888e-06,-84.3746499
1.55892e-06,-82.8384458
1.55896e-06,-210.0
1.559e-06,-77.5213235
1.55904e-06,-210.0
1.55908e-06,-80.3341374
1.55912e-06,-84.3587165
1.55916e-06,-79.0643461
1.5592e-06,-86.527661
1.55924e-06,-81.5519955
1.55928e-06,-80.9376018
1.55932e-06,-81.2979949
1.55936e-06,-80.5127724
1.5594e-06,-210.0
1.55944e-06,-79.6326449
1.55948e-06,-84.3630217
1.55952e-06,-83.9714374
1.55956e-06,-83.5881189
1.5596e-06,-79.3841949
1.55964e-06,-83.0230475
1.55968e-06,-80.104032
1.55972e-06,-210.0
1.55976e-06,-83.3574381
1.5598e-06,-84.0133897
1.55984e-06,-74.8336195
1.55988e-06,-80.79979
1.55992e-06,-210.0
1.55996e-06,-78.8269224
1.56e-06,-80.4595437
1.56004e-06,-78.4030501
1.56008e-06,-210.0
1.56012e-06,-82.0891728
1.56016e-06,-81.2867442
1.5602e-06,-210.0
1.56024e-06,-210.0
1.56028e-06,-75.2249071
1.56032e-06,-86.5052473
1.56036e-06,-210.0
1.5604e-06,-89.4310386
1.56044e-06,-86.0764011
1.56048e-06,-76.849613
1.56052e-06,-88.5169675
1.56056e-06,-210.0
1.5606e-06,-77.611442
1.56064e-06,-86.694959
1.56068e-06,-210.0
1.56072e-06,-80.1233751
1.56076e-06,-82.1887451
1.5608e-06,-210.0
1.56084e-06,-77.8456862
1.56088e-06,-210.0
1.56092e-06,-210.0
1.56096e-06,-79.813846
1.561e-06,-210.0
1.56104e-06,-77.116845
1.56108e-06,-80.84456
1.56112e-06,-210.0
1.56116e-06,-84.0909052
1.5612e-06,-210.0
1.56124e-06,-88.2323387
1.56128e-06,-86.8461494
1.56132e-06,-80.4629941
1.56136e-06,-79.9775331
1.5614e-06,-210.0
1.56144e-06,-81.3036727
1.56148e-06,-210.0
1.56152e-06,-78.3451886
1.56156e-06,-210.0
1.5616e-06,-81.3605084
1.56164e-06,-87.2166466
1.56168e-06,-84.6834547
1.56172e-06,-210.0
1.56176e-06,-80.7985988
1.5618e-06,-79.6374091
1.56184e-06,-210.0
1.56188e-06,-84.9159321
1.56192e-06,-79.607432
1.56196e-06,-83.3481893
1.562e-06,-210.0
1.56204e-06,-210.0
1.56208e-06,-210.0
1.56212e-06,-84.874008
1.56216e-06,-77.8045078
1.5622e-06,-210.0
1.56224e-06,-78.8916852
1.56228e-06,-80.0288305
1.56232e-06,-80.3639464
1.56236e-06,-83.7117616
1.5624e-06,-83.30778
1.56244e-06,-210.0
1.56248e-06,-210.0
1.56252e-06,-210.0
1.56256e-06,-83.1024384
1.5626e-06,-210.0
1.56264e-06,-82.4674903
1.56268e-06,-80.6548775
1.56272e-06,-85.7178994
1.56276e-06,-210.0
1.5628e-06,-78.9206911
1.56284e-06,-84.0654295
1.56288e-06,-86.0504048
1.56292e-06,-84.2383252
1.56296e-06,-87.1498327
1.563e-06,-79.8382638
1.56304e-06,-83.7560311
1.56308e-06,-210.0
1.56312e-06,-81.4110584
1.56316e-06,-79.9649865
1.5632e-06,-81.4630405
1.56324e-06,-88.4314159
1.56328e-06,-91.2979018
1.56332e-06,-79.3312744
1.56336e-06,-78.1395163
1.5634e-06,-210.0
1.56344e-06,-78.2605537
1.56348e-06,-210.0
1.56352e-06,-82.7660982
1.56356e-06,-81.4309857
1.5636e-06,-80.2751735
1.56364e-06,-79.0238837
1.56368e-06,-210.0
1.56372e-06,-77.4953055
1.56376e-06,-80.410658
1.5638e-06,-79.1502965
1.56384e-06,-210.0
1.56388e-06,-89.9174478
1.56392e-06,-83.1903378
1.56396e-06,-210.0
1.564e-06,-80.583977
1.56404e-06,-210.0
1.56408e-06,-81.9771783
1.56412e-06,-84.2998376
1.56416e-06,-80.4107887
1.5642e-06,-80.0030034
1.56424e-06,-83.8401343
1.56428e-06,-81.5471306
1.56432e-06,-78.9764704
1.56436e-06,-79.4119734
1.5644e-06,-210.0
1.56444e-06,-210.0
1.56448e-06,-80.6174297
1.56452e-06,-81.2832672
1.56456e-06,-210.0
1.5646e-06,-77.1492654
1.56464e-06,-210.0
1.56468e-06,-77.5256666
1.56472e-06,-81.8580004
1.56476e-06,-210.0
1.5648e-06,-76.6865765
1.56484e-06,-80.727819
1.56488e-06,-79.7143901
1.56492e-06,-78.6138482
1.56496e-06,-210.0
1.565e-06,-210.0
1.56504e-06,-78.6231747
1.56508e-06,-210.0
1.56512e-06,-82.7505347
1.56516e-06,-77.7948968
1.5652e-06,-85.8740029
1.56524e-06,-210.0
1.56528e-06,-78.3059746
1.56532e-06,-210.0
1.56536e-06,-210.0
1.5654e-06,-210.0
1.56544e-06,-210.0
1.56548e-06,-82.9491983
1.56552e-06,-78.860833
1.56556e-06,-210.0
1.5656e-06,-80.2999078
1.56564e-06,-210.0
1.56568e-06,-88.2503398
1.56572e-06,-76.9875437
1.56576e-06,-210.0
1.5658e-06,-80.2588003
1.56584e-06,-78.0819173
1.56588e-06,-210.0
1.56592e-06,-210.0
1.56596e-06,-82.6466673
1.566e-06,-210.0
1.56604e-06,-81.5474873
1.56608e-06,-84.9589088
1.56612e-06,-80.8016109
1.56616e-06,-92.7058615
1.5662e-06,-80.0704365
1.56624e-06,-82.0715293
1.56628e-06,-210.0
1.56632e-06,-80.8616197
1.56636e-06,-78.0356222
1.5664e-06,-210.0
1.56644e-06,-81.374593
1.56648e-06,-81.7905532
1.56652e-06,-210.0
1.56656e-06,-87.5394204
1.5666e-06,-210.0
1.56664e-06,-210.0
1.56668e-06,-210.0
1.56672e-06,-89.3816691
1.56676e-06,-79.9870126
1.5668e-06,-83.0069092
1.56684e-06,-210.0
1.56688e-06,-79.9370561
1.56692e-06,-210.0
1.56696e-06,-80.7803845
1.567e-06,-210.0
1.56704e-06,-80.2491276
1.56708e-06,-210.0
1.56712e-06,-75.5967317
1.56716e-06,-210.0
1.5672e-06,-210.0
1.56724e-06,-78.854577
1.56728e-06,-80.9049374
1.56732e-06,-78.4660151
1.56736e-06,-82.8350385
1.5674e-06,-210.0
1.56744e-06,-93.7632062
1.56748e-06,-78.6086851
1.56752e-06,-82.6110601
1.56756e-06,-210.0
1.5676e-06,-87.0041195
1.56764e-06,-78.6786307
1.56768e-06,-210.0
1.56772e-06,-78.4561744
1.56776e-06,-82.4311616
1.5678e-06,-210.0
1.56784e-06,-79.0042378
1.56788e-06,-79.9746005
1.56792e-06,-210.0
1.56796e-06,-79.4924187
1.568e-06,-210.0
1.56804e-06,-210.0
1.56808e-06,-82.2682122
1.56812e-06,-210.0
1.56816e-06,-80.7214783
1.5682e-06,-81.5545068
1.56824e-06,-80.9281115
1.56828e-06,-75.1710982
1.56832e-06,-210.0
1.56836e-06,-78.6311062
1.5684e-06,-82.2580785
1.56844e-06,-83.5103531
1.56848e-06,-84.7736864
1.56852e-06,-80.7742661
1.56856e-06,-210.0
1.5686e-06,-78.425607
1.56864e-06,-210.0
1.56868e-06,-89.1275279
1.56872e-06,-210.0
1.56876e-06,-86.3973101
1.5688e-06,-210.0
1.56884e-06,-77.3644816
1.56888e-06,-210.0
1.56892e-06,-210.0
1.56896e-06,-210.0
1.569e-06,-86.9566498
1.56904e-06,-210.0
1.56908e-06,-84.858881
1.56912e-06,-79.0895271
1.56916e-06,-89.0516531
1.5692e-06,-80.9881063
1.56924e-06,-84.4892418
1.56928e-06,-78.7934546
1.56932e-06,-79.2656818
1.56936e-06,-210.0
1.5694e-06,-77.0142229
1.56944e-06,-210.0
1.56948e-06,-84.5981558
1.56952e-06,-78.1693024
1.56956e-06,-79.4187031
1.5696e-06,-210.0
1.56964e-06,-210.0
1.56968e-06,-85.0395777
1.56972e-06,-87.4716641
1.56976e-06,-81.4719946
1.5698e-06,-80.9216648
1.56984e-06,-87.3190665
1.56988e-06,-83.8561478
1.56992e-06,-84.496162
1.56996e-06,-210.0
1.57e-06,-77.317744
1.57004e-06,-82.6743922
1.57008e-06,-210.0
1.57012e-06,-76.4454432
1.57016e-06,-78.7645862
1.5702e-06,-210.0
1.57024e-06,-210.0
1.57028e-06,-78.7736854
1.57032e-06,-210.0
1.57036e-06,-82.0646056
1.5704e-06,-83.719248
1.57044e-06,-210.0
1.57048e-06,-75.6300129
1.57052e-06,-210.0
1.57056e-06,-77.127236
1.5706e-06,-210.0
1.57064e-06,-210.0
1.57068e-06,-81.6957626
1.57072e-06,-210.0
1.57076e-06,-210.0
1.5708e-06,-82.6216885
1.57084e-06,-81.9890736
1.57088e-06,-210.0
1.57092e-06,-210.0
1.57096e-06,-210.0
1.571e-06,-80.723715
1.57104e-06,-82.0993082
1.57108e-06,-210.0
1.57112e-06,-83.9996149
1.57116e-06,-84.8512159
1.5712e-06,-210.0
1.57124e-06,-82.2983287
1.57128e-06,-100.564216
1.57132e-06,-210.0
1.57136e-06,-85.8825936
1.5714e-06,-83.7324121
1.57144e-06,-86.0548487
1.57148e-06,-79.8798117
1.57152e-06,-85.1637822
1.57156e-06,-82.072596
1.5716e-06,-210.0
1.57164e-06,-210.0
1.57168e-06,-80.2721477
1.57172e-06,-79.4342672
1.57176e-06,-85.8815939
1.5718e-06,-210.0
1.57184e-06,-87.0627193
1.57188e-06,-210.0
1.57192e-06,-85.8813681
1.57196e-06,-79.5265587
1.572e-06,-83.3691406
1.57204e-06,-81.9545515
1.57208e-06,-78.2824342
1.57212e-06,-210.0
1.57216e-06,-210.0
1.5722e-06,-77.6592183
1.57224e-06,-81.47788
1.57228e-06,-78.5423517
1.57232e-06,-86.448675
1.57236e-06,-78.6459118
1.5724e-06,-82.641561
1.57244e-06,-81.0896625
1.57248e-06,-79.379704
1.57252e-06,-80.6273073
1.57256e-06,-210.0
1.5726e-06,-79.5182754
1.57264e-06,-210.0
1.57268e-06,-210.0
1.57272e-06,-81.1447403
1.57276e-06,-210.0
1.5728e-06,-210.0
1.57284e-06,-210.0
1.57288e-06,-210.0
1.57292e-06,-79.7110896
1.57296e-06,-79.1320227
1.573e-06,-83.5924626
1.57304e-06,-210.0
1.57308e-06,-79.8387291
1.57312e-06,-210.0
1.57316e-06,-210.0
1.5732e-06,-76.9458292
1.57324e-06,-210.0
1.57328e-06,-84.2127975
1.57332e-06,-210.0
1.57336e-06,-80.7995212
1.5734e-06,-210.0
1.57344e-06,-210.0
1.57348e-06,-210.0
1.57352e-06,-210.0
1.57356e-06,-78.7513375
1.5736e-06,-210.0
1.57364e-06,-79.5417032
1.57368e-06,-83.6425839
1.57372e-06,-85.5530367
1.57376e-06,-210.0
1.5738e-06,-210.0
1.57384e-06,-77.61637
1.57388e-06,-210.0
1.57392e-06,-78.314567
1.57396e-06,-82.2581497
1.574e-06,-79.5830277
1.57404e-06,-83.4684757
1.57408e-06,-82.6468763
1.57412e-06,-82.1507795
1.57416e-06,-210.0
1.5742e-06,-84.0129561
1.57424e-06,-210.0
1.57428e-06,-79.6494167
1.57432e-06,-210.0
1.57436e-06,-85.0617938
1.5744e-06,-77.5253439
1.57444e-06,-210.0
1.57448e-06,-210.0
1.57452e-06,-80.5066513
1.57456e-06,-80.7150594
1.5746e-06,-86.817692
1.57464e-06,-210.0
1.57468e-06,-79.3364666
1.57472e-06,-210.0
1.57476e-06,-210.0
1.5748e-06,-81.2532467
1.57484e-06,-210.0
1.57488e-06,-210.0
1.57492e-06,-81.3988803
1.57496e-06,-210.0
1.575e-06,-86.6150121
1.57504e-06,-210.0
1.57508e-06,-210.0
1.57512e-06,-78.1260092
1.57516e-06,-80.8708101
1.5752e-06,-84.7673161
1.57524e-06,-83.0923358
1.57528e-06,-210.0
1.57532e-06,-78.0123168
1.57536e-06,-80.2986966
1.5754e-06,-210.0
1.57544e-06,-88.6246196
1.57548e-06,-82.4273015
1.57552e-06,-210.0
1.57556e-06,-77.4326205
1.5756e-06,-210.0
1.57564e-06,-210.0
1.57568e-06,-83.833651
1.57572e-06,-90.061351
1.57576e-06,-82.2482654
1.5758e-06,-77.7865806
1.57584e-06,-210.0
1.57588e-06,-74.4533863
1.57592e-06,-210.0
1.57596e-06,-210.0
1.576e-06,-83.568682
1.57604e-06,-210.0
1.57608e-06,-86.1802646
1.57612e-06,-90.6755356
1.57616e-06,-78.7702698
1.5762e-06,-210.0
1.57624e-06,-81.2567516
1.57628e-06,-80.8017319
1.57632e-06,-74.6400958
1.57636e-06,-210.0
1.5764e-06,-210.0
1.57644e-06,-79.3984153
1.57648e-06,-84.3098183
1.57652e-06,-79.1081756
1.57656e-06,-77.4460358
1.5766e-06,-210.0
1.57664e-06,-210.0
1.57668e-06,-210.0
1.57672e-06,-93.8351166
1.57676e-06,-210.0
1.5768e-06,-78.7270468
1.57684e-06,-210.0
1.57688e-06,-78.5113813
1.57692e-06,-210.0
1.57696e-06,-83.790402
1.577e-06,-210.0
1.57704e-06,-78.7254683
1.57708e-06,-210.0
1.57712e-06,-80.9021124
1.57716e-06,-210.0
1.5772e-06,-78.2687163
1.57724e-06,-86.3757414
1.57728e-06,-82.8055803
1.57732e-06,-81.9252239
1.57736e-06,-210.0
1.5774e-06,-81.9696917
1.57744e-06,-81.8145189
1.57748e-06,-79.2181097
1.57752e-06,-210.0
1.57756e-06,-82.1880574
1.5776e-06,-210.0
1.57764e-06,-89.393424
1.57768e-06,-210.0
1.57772e-06,-77.6819841
1.57776e-06,-84.67203
1.5778e-06,-88.2558729
1.57784e-06,-81.4314965
1.57788e-06,-82.8613393
1.57792e-06,-79.5033902
1.57796e-06,-82.1062027
1.578e-06,-82.4270065
1.57804e-06,-79.5808071
1.57808e-06,-210.0
1.57812e-06,-77.5812489
1.57816e-06,-79.4367471
1.5782e-06,-83.3857868
1.57824e-06,-210.0
1.57828e-06,-210.0
1.57832e-06,-210.0
1.57836e-06,-210.0
1.5784e-06,-80.4705031
1.57844e-06,-84.7838675
1.57848e-06,-84.2760427
1.57852e-06,-210.0
1.57856e-06,-92.037797
1.5786e-06,-79.6589291
1.57864e-06,-78.5961995
1.57868e-06,-83.2844946
1.57872e-06,-210.0
1.57876e-06,-210.0
1.5788e-06,-91.7651554
1.57884e-06,-78.2595442
1.57888e-06,-79.7695542
1.57892e-06,-210.0
1.57896e-06,-77.90348
1.579e-06,-79.7348161
1.57904e-06,-210.0
1.57908e-06,-78.249224
1.57912e-06,-89.3371732
1.57916e-06,-210.0
1.5792e-06,-93.0438582
1.57924e-06,-210.0
1.57928e-06,-210.0
1.57932e-06,-88.473063
1.57936e-06,-82.9255875
1.5794e-06,-84.1767347
1.57944e-06,-85.6877282
1.57948e-06,-79.9843154
1.57952e-06,-81.8400851
1.57956e-06,-79.4361425
1.5796e-06,-210.0
1.57964e-06,-87.2209376
1.57968e-06,-81.1934239
1.57972e-06,-210.0
1.57976e-06,-210.0
1.5798e-06,-81.6783161
1.57984e-06,-84.734272
1.57988e-06,-78.3072581
1.57992e-06,-85.7690009
1.57996e-06,-81.3163348
1.58e-06,-84.2674564
1.58004e-06,-80.9987464
1.58008e-06,-210.0
1.58012e-06,-79.6322833
1.58016e-06,-84.7332731
1.5802e-06,-79.9896403
1.58024e-06,-79.642764
1.58028e-06,-79.8420176
1.58032e-06,-82.7135334
1.58036e-06,-210.0
1.5804e-06,-87.8926024
1.58044e-06,-88.8095009
1.58048e-06,-210.0
1.58052e-06,-79.5705019
1.58056e-06,-210.0
1.5806e-06,-83.7113451
1.58064e-06,-77.1457173
1.58068e-06,-83.2134482
1.58072e-06,-210.0
1.58076e-06,-79.7251621
1.5808e-06,-210.0
1.58084e-06,-78.2657173
1.58088e-06,-210.0
1.58092e-06,-82.2157097
1.58096e-06,-210.0
1.581e-06,-210.0
1.58104e-06,-76.9546332
1.58108e-06,-91.6719432
1.58112e-06,-80.9770696
1.58116e-06,-210.0
1.5812e-06,-80.3504165
1.58124e-06,-210.0
1.58128e-06,-210.0
1.58132e-06,-78.0097349
1.58136e-06,-81.7475873
1.5814e-06,-82.9575066
1.58144e-06,-95.4566588
1.58148e-06,-84.9292156
1.58152e-06,-210.0
1.58156e-06,-82.7455271
1.5816e-06,-210.0
1.58164e-06,-80.1616431
1.58168e-06,-210.0
1.58172e-06,-210.0
1.58176e-06,-78.8179788
1.5818e-06,-210.0
1.58184e-06,-79.0571424
1.58188e-06,-80.6456665
1.58192e-06,-85.4592277
1.58196e-06,-210.0
1.582e-06,-210.0
1.58204e-06,-79.9327182
1.58208e-06,-82.9554415
1.58212e-06,-81.2972539
1.58216e-06,-82.6747231
1.5822e-06,-86.7614673
1.58224e-06,-210.0
1.58228e-06,-210.0
1.58232e-06,-210.0
1.58236e-06,-210.0
1.5824e-06,-81.516655
1.58244e-06,-80.9021128
1.58248e-06,-78.2780959
1.58252e-06,-210.0
1.58256e-06,-76.765544
1.5826e-06,-94.3530215
1.58264e-06,-79.7938705
1.58268e-06,-210.0
1.58272e-06,-79.9947553
1.58276e-06,-85.448651
1.5828e-06,-210.0
1.58284e-06,-210.0
1.58288e-06,-79.5856411
1.58292e-06,-210.0
1.58296e-06,-75.9291868
1.583e-06,-84.5259642
1.58304e-06,-78.2215088
1.58308e-06,-85.9946661
1.58312e-06,-78.9332547
1.58316e-06,-92.3472101
1.5832e-06,-210.0
1.58324e-06,-81.395283
1.58328e-06,-81.3470058
1.58332e-06,-78.0251375
1.58336e-06,-210.0
1.5834e-06,-77.2995101
1.58344e-06,-210.0
1.58348e-06,-99.1063291
1.58352e-06,-82.444403
1.58356e-06,-81.8087869
1.5836e-06,-210.0
1.58364e-06,-210.0
1.58368e-06,-78.2255808
1.58372e-06,-210.0
1.58376e-06,-210.0
1.5838e-06,-81.673147
1.58384e-06,-210.0
1.58388e-06,-210.0
1.58392e-06,-81.2531114
1.58396e-06,-76.3453719
1.584e-06,-210.0
1.58404e-06,-210.0
1.58408e-06,-78.4039316
1.58412e-06,-210.0
1.58416e-06,-210.0
1.5842e-06,-210.0
1.58424e-06,-210.0
1.58428e-06,-81.6511983
1.58432e-06,-85.2704818
1.58436e-06,-210.0
1.5844e-06,-78.9079773
1.58444e-06,-77.871774
1.58448e-06,-210.0
1.58452e-06,-79.2070375
1.58456e-06,-82.7732351
1.5846e-06,-82.8090604
1.58464e-06,-210.0
1.58468e-06,-78.8820733
1.58472e-06,-210.0
1.58476e-06,-79.2924548
1.5848e-06,-78.0283034
1.58484e-06,-210.0
1.58488e-06,-77.1391363
1.58492e-06,-210.0
1.58496e-06,-81.4382589
1.585e-06,-77.9425383
1.58504e-06,-210.0
1.58508e-06,-92.7235297
1.58512e-06,-76.071835
1.58516e-06,-88.416463
1.5852e-06,-210.0
1.58524e-06,-210.0
1.58528e-06,-82.0191941
1.58532e-06,-80.1597152
1.58536e-06,-81.5084501
1.5854e-06,-210.0
1.58544e-06,-210.0
1.58548e-06,-80.7622483
1.58552e-06,-79.8187683
1.58556e-06,-79.1481976
1.5856e-06,-210.0
1.58564e-06,-210.0
1.58568e-06,-85.5117748
1.58572e-06,-78.3865244
1.58576e-06,-81.5340656
1.5858e-06,-77.8048804
1.58584e-06,-210.0
1.58588e-06,-210.0
1.58592e-06,-210.0
1.58596e-06,-79.0607372
1.586e-06,-210.0
1.58604e-06,-210.0
1.58608e-06,-210.0
1.58612e-06,-77.7668436
1.58616e-06,-210.0
1.5862e-06,-79.9208317
1.58624e-06,-210.0
1.58628e-06,-79.5853604
1.58632e-06,-210.0
1.58636e-06,-210.0
1.5864e-06,-87.2554121
1.58644e-06,-84.5536737
1.58648e-06,-210.0
1.58652e-06,-79.5803129
1.58656e-06,-210.0
1.5866e-06,-82.4231732
1.58664e-06,-80.4998682
1.58668e-06,-80.0731951
1.58672e-06,-210.0
1.58676e-06,-79.6204099
1.5868e-06,-80.1735799
1.58684e-06,-84.7945437
1.58688e-06,-84.2812664
1.58692e-06,-83.7389424
1.58696e-06,-210.0
1.587e-06,-82.3772979
1.58704e-06,-85.2821511
1.58708e-06,-210.0
1.58712e-06,-210.0
1.58716e-06,-210.0
1.5872e-06,-82.5909904
1.58724e-06,-78.9230059
1.58728e-06,-83.388647
1.58732e-06,-210.0
1.58736e-06,-85.4183556
1.5874e-06,-81.5735245
1.58744e-06,-210.0
1.58748e-06,-80.4456714
1.58752e-06,-80.5757089
1.58756e-06,-86.3470251
1.5876e-06,-85.1779574
1.58764e-06,-84.598506
1.58768e-06,-87.5291064
1.58772e-06,-78.3560174
1.58776e-06,-83.520182
1.5878e-06,-210.0
1.58784e-06,-210.0
1.58788e-06,-80.6862917
1.58792e-06,-99.2599822
1.58796e-06,-81.5629276
1.588e-06,-210.0
1.58804e-06,-78.5811688
1.58808e-06,-210.0
1.58812e-06,-83.2066818
1.58816e-06,-83.9112835
1.5882e-06,-81.2383977
1.58824e-06,-78.3777638
1.58828e-06,-210.0
1.58832e-06,-210.0
1.58836e-06,-210.0
1.5884e-06,-87.0337424
1.58844e-06,-210.0
1.58848e-06,-210.0
1.58852e-06,-80.3760869
1.58856e-06,-210.0
1.5886e-06,-84.9539944
1.58864e-06,-210.0
1.58868e-06,-79.9044222
1.58872e-06,-86.2693031
1.58876e-06,-84.1301105
1.5888e-06,-85.570101
1.58884e-06,-210.0
1.58888e-06,-83.5429651
1.58892e-06,-80.357286
1.58896e-06,-210.0
1.589e-06,-77.8757344
1.58904e-06,-89.3165214
1.58908e-06,-82.179804
1.58912e-06,-76.8792001
1.58916e-06,-210.0
1.5892e-06,-210.0
1.58924e-06,-210.0
1.58928e-06,-83.1714661
1.58932e-06,-81.4227841
1.58936e-06,-210.0
1.5894e-06,-77.2118447
1.58944e-06,-87.7689815
1.58948e-06,-210.0
1.58952e-06,-210.0
1.58956e-06,-210.0
1.5896e-06,-81.5661381
1.58964e-06,-85.8883789
1.58968e-06,-88.334804
1.58972e-06,-86.7057275
1.58976e-06,-210.0
1.5898e-06,-80.2948585
1.58984e-06,-81.7479463
1.58988e-06,-81.6690205
1.58992e-06,-87.3767215
1.58996e-06,-81.7029198
1.59e-06,-82.8481857
1.59004e-06,-210.0
1.59008e-06,-81.4540172
1.59012e-06,-78.4881107
1.59016e-06,-210.0
1.5902e-06,-210.0
1.59024e-06,-78.2812092
1.59028e-06,-210.0
1.59032e-06,-78.2227767
1.59036e-06,-210.0
1.5904e-06,-88.3066919
1.59044e-06,-210.0
1.59048e-06,-86.4981506
1.59052e-06,-83.9111111
1.59056e-06,-78.7841334
1.5906e-06,-210.0
1.59064e-06,-77.7203939
1.59068e-06,-79.738314
1.59072e-06,-91.6833818
1.59076e-06,-78.2901885
1.5908e-06,-77.9399488
1.59084e-06,-210.0
1.59088e-06,-94.1141194
1.59092e-06,-78.8048945
1.59096e-06,-210.0
1.591e-06,-78.2842037
1.59104e-06,-80.626433
1.59108e-06,-210.0
1.59112e-06,-84.0654835
1.59116e-06,-77.9306607
1.5912e-06,-210.0
1.59124e-06,-81.515343
1.59128e-06,-83.2762628
1.59132e-06,-77.7490297
1.59136e-06,-210.0
1.5914e-06,-82.9922684
1.59144e-06,-210.0
1.59148e-06,-79.244339
1.59152e-06,-210.0
1.59156e-06,-83.5999485
1.5916e-06,-85.880923
1.59164e-06,-86.8505285
1.59168e-06,-85.5177748
1.59172e-06,-210.0
1.59176e-06,-83.6865977
1.5918e-06,-83.841615
1.59184e-06,-79.6791122
1.59188e-06,-210.0
1.59192e-06,-210.0
1.59196e-06,-79.2635535
1.592e-06,-83.4400521
1.59204e-06,-86.9657163
1.59208e-06,-88.5603617
1.59212e-06,-79.5827343
1.59216e-06,-210.0
1.5922e-06,-82.3426668
1.59224e-06,-78.7124193
1.59228e-06,-96.5252179
1.59232e-06,-210.0
1.59236e-06,-84.2317645
1.5924e-06,-83.7982707
1.59244e-06,-210.0
1.59248e-06,-81.0946883
1.59252e-06,-81.2144789
1.59256e-06,-81.0256216
1.5926e-06,-210.0
1.59264e-06,-85.8100021
1.59268e-06,-79.9295296
1.59272e-06,-210.0
1.59276e-06,-81.4538814
1.5928e-06,-82.0054083
1.59284e-06,-78.1061613
1.59288e-06,-210.0
1.59292e-06,-80.1754848
1.59296e-06,-79.2307758
1.593e-06,-210.0
1.59304e-06,-85.219536
1.59308e-06,-79.2383554
1.59312e-06,-84.1023472
1.59316e-06,-210.0
1.5932e-06,-80.1980854
1.59324e-06,-85.4969389
1.59328e-06,-77.1433877
1.59332e-06,-84.7164526
1.59336e-06,-80.6731166
1.5934e-06,-78.5102346
1.59344e-06,-210.0
1.59348e-06,-77.4878757
1.59352e-06,-83.9856206
1.59356e-06,-77.5997287
1.5936e-06,-80.0793748
1.59364e-06,-84.7319056
1.59368e-06,-210.0
1.59372e-06,-210.0
1.59376e-06,-87.7385032
1.5938e-06,-82.3622346
1.59384e-06,-210.0
1.59388e-06,-210.0
1.59392e-06,-210.0
1.59396e-06,-79.4951058
1.594e-06,-78.3590955
1.59404e-06,-80.578478
1.59408e-06,-87.3244088
1.59412e-06,-79.0037965
1.59416e-06,-80.1938116
1.5942e-06,-82.6273102
1.59424e-06,-82.5560072
1.59428e-06,-82.930243
1.59432e-06,-210.0
1.59436e-06,-81.1606344
1.5944e-06,-79.7096062
1.59444e-06,-210.0
1.59448e-06,-82.9874645
1.59452e-06,-82.9089987
1.59456e-06,-95.4091292
1.5946e-06,-80.7344333
1.59464e-06,-85.6635933
1.59468e-06,-210.0
1.59472e-06,-88.9629202
1.59476e-06,-210.0
1.5948e-06,-82.6122649
1.59484e-06,-210.0
1.59488e-06,-78.185188
1.59492e-06,-210.0
1.59496e-06,-210.0
1.595e-06,-103.535654
1.59504e-06,-84.1136606
1.59508e-06,-210.0
1.59512e-06,-83.7335232
1.59516e-06,-97.2052621
1.5952e-06,-210.0
1.59524e-06,-210.0
1.59528e-06,-84.8149536
1.59532e-06,-76.9591311
1.59536e-06,-84.2879666
1.5954e-06,-78.0303459
1.59544e-06,-83.2888279
1.59548e-06,-210.0
1.59552e-06,-77.6115677
1.59556e-06,-210.0
1.5956e-06,-77.8024228
1.59564e-06,-210.0
1.59568e-06,-80.6943875
1.59572e-06,-90.0729619
1.59576e-06,-210.0
1.5958e-06,-210.0
1.59584e-06,-210.0
1.59588e-06,-79.3588882
1.59592e-06,-80.823499
1.59596e-06,-90.4552648
1.596e-06,-210.0
1.59604e-06,-77.0627583
1.59608e-06,-83.852494
1.59612e-06,-77.8264849
1.59616e-06,-82.7967625
1.5962e-06,-77.478477
1.59624e-06,-210.0
1.59628e-06,-82.3502569
1.59632e-06,-83.7195061
1.59636e-06,-78.9481678
1.5964e-06,-80.4699761
1.59644e-06,-210.0
1.59648e-06,-210.0
1.59652e-06,-87.9799272
1.59656e-06,-76.7399949
1.5966e-06,-210.0
1.59664e-06,-210.0
1.59668e-06,-210.0
1.59672e-06,-210.0
1.59676e-06,-210.0
1.5968e-06,-77.08517
1.59684e-06,-210.0
1.59688e-06,-81.6172309
1.59692e-06,-210.0
1.59696e-06,-210.0
1.597e-06,-80.3105015
1.59704e-06,-210.0
1.59708e-06,-78.8676687
1.59712e-06,-210.0
1.59716e-06,-210.0
1.5972e-06,-79.7614192
1.59724e-06,-83.2884513
1.59728e-06,-210.0
1.59732e-06,-83.9803256
1.59736e-06,-210.0
1.5974e-06,-82.0897
1.59744e-06,-210.0
1.59748e-06,-81.0305037
1.59752e-06,-78.4462674
1.59756e-06,-81.0333536
1.5976e-06,-210.0
1.59764e-06,-74.9760479
1.59768e-06,-78.8669236
1.59772e-06,-210.0
1.59776e-06,-210.0
1.5978e-06,-210.0
1.59784e-06,-83.2512257
1.59788e-06,-86.2531757
1.59792e-06,-210.0
1.59796e-06,-91.4336894
1.598e-06,-81.0605031
1.59804e-06,-210.0
1.59808e-06,-83.2701655
1.59812e-06,-210.0
1.59816e-06,-80.4793787
1.5982e-06,-82.1022044
1.59824e-06,-210.0
1.59828e-06,-210.0
1.59832e-06,-80.203616
1.59836e-06,-210.0
1.5984e-06,-78.2491917
1.59844e-06,-84.5590498
1.59848e-06,-210.0
1.59852e-06,-210.0
1.59856e-06,-79.9118625
1.5986e-06,-210.0
1.59864e-06,-79.2555321
1.59868e-06,-210.0
1.59872e-06,-210.0
1.59876e-06,-79.1237402
1.5988e-06,-88.3158459
1.59884e-06,-82.7514297
1.59888e-06,-88.5766056
1.59892e-06,-80.0698623
1.59896e-06,-210.0
1.599e-06,-82.2852191
1.59904e-06,-82.1144248
1.59908e-06,-80.4213726
1.59912e-06,-210.0
1.59916e-06,-82.4710891
1.5992e-06,-210.0
1.59924e-06,-81.5007119
1.59928e-06,-85.2945552
1.59932e-06,-86.2336823
1.59936e-06,-79.107893
1.5994e-06,-78.9201843
1.59944e-06,-80.2105699
1.59948e-06,-83.0536387
1.59952e-06,-89.5321711
1.59956e-06,-210.0
1.5996e-06,-80.7366101
1.59964e-06,-85.1965833
1.59968e-06,-85.9041379
1.59972e-06,-77.8527473
1.59976e-06,-210.0
1.5998e-06,-91.8218666
1.59984e-06,-81.8026116
1.59988e-06,-83.9719064
1.59992e-06,-86.6354223
1.59996e-06,-80.9354072
1.6e-06,-210.0
1.60004e-06,-82.7746479
1.60008e-06,-85.8551031
1.60012e-06,-85.9247169
1.60016e-06,-210.0
1.6002e-06,-210.0
1.60024e-06,-88.0480482
1.60028e-06,-79.7453709
1.60032e-06,-210.0
1.60036e-06,-210.0
1.6004e-06,-210.0
1.60044e-06,-210.0
1.60048e-06,-210.0
1.60052e-06,-78.8536632
1.60056e-06,-81.9696373
1.6006e-06,-77.1055618
1.60064e-06,-79.685951
1.60068e-06,-210.0
1.60072e-06,-80.0405512
1.60076e-06,-77.9054716
1.6008e-06,-86.408376
1.60084e-06,-210.0
1.60088e-06,-79.1565258
1.60092e-06,-88.1488854
1.60096e-06,-84.3296082
1.601e-06,-80.7540461
1.60104e-06,-81.2543853
1.60108e-06,-210.0
1.60112e-06,-78.1203064
1.60116e-06,-210.0
1.6012e-06,-81.3156957
1.60124e-06,-210.0
1.60128e-06,-81.8645958
1.60132e-06,-78.3759205
1.60136e-06,-83.1772376
1.6014e-06,-81.966193
1.60144e-06,-77.761319
1.60148e-06,-97.9580018
1.60152e-06,-78.0069539
1.60156e-06,-210.0
1.6016e-06,-210.0
1.60164e-06,-76.720336
1.60168e-06,-210.0
1.60172e-06,-83.319746
1.60176e-06,-210.0
1.6018e-06,-79.0952727
1.60184e-06,-83.9689538
1.60188e-06,-210.0
1.60192e-06,-210.0
1.60196e-06,-76.7196378
1.602e-06,-82.5022314
1.60204e-06,-210.0
1.60208e-06,-79.4723025
1.60212e-06,-83.5541089
1.60216e-06,-210.0
1.6022e-06,-79.2568354
1.60224e-06,-82.8388977
1.60228e-06,-210.0
1.60232e-06,-210.0
1.60236e-06,-78.3496553
1.6024e-06,-85.2893796
1.60244e-06,-210.0
1.60248e-06,-87.8810254
1.60252e-06,-86.340897
1.60256e-06,-76.4516713
1.6026e-06,-210.0
1.60264e-06,-77.6972141
1.60268e-06,-210.0
1.60272e-06,-210.0
1.60276e-06,-78.0250384
1.6028e-06,-76.4722018
1.60284e-06,-210.0
1.60288e-06,-81.9063818
1.60292e-06,-210.0
1.60296e-06,-210.0
1.603e-06,-82.9949904
1.60304e-06,-79.7733176
1.60308e-06,-81.5076566
1.60312e-06,-86.1522621
1.60316e-06,-81.8563961
1.6032e-06,-76.4129259
1.60324e-06,-81.1133588
1.60328e-06,-210.0
1.60332e-06,-210.0
1.60336e-06,-85.3193876
1.6034e-06,-79.272209
1.60344e-06,-77.3183493
1.60348e-06,-210.0
1.60352e-06,-210.0
1.60356e-06,-210.0
1.6036e-06,-78.691203
1.60364e-06,-80.9062433
1.60368e-06,-83.1313407
1.60372e-06,-84.7902888
1.60376e-06,-80.01934
1.6038e-06,-96.2389942
1.60384e-06,-210.0
1.60388e-06,-81.6354378
1.60392e-06,-80.181048
1.60396e-06,-94.0057843
1.604e-06,-210.0
1.60404e-06,-210.0
1.60408e-06,-83.2438058
1.60412e-06,-83.5656775
1.60416e-06,-210.0
1.6042e-06,-79.0703677
1.60424e-06,-81.7271393
1.60428e-06,-210.0
1.60432e-06,-78.8374718
1.60436e-06,-210.0
1.6044e-06,-80.0066188
1.60444e-06,-79.4488602
1.60448e-06,-210.0
1.60452e-06,-83.9679064
1.60456e-06,-84.2128653
1.6046e-06,-80.5708849
1.60464e-06,-210.0
1.60468e-06,-81.2842939
1.60472e-06,-85.0682895
1.60476e-06,-78.6621376
1.6048e-06,-81.8335482
1.60484e-06,-87.852469
1.60488e-06,-210.0
1.60492e-06,-76.1224383
1.60496e-06,-90.3950414
1.605e-06,-80.8876845
1.60504e-06,-210.0
1.60508e-06,-77.7049826
1.60512e-06,-88.158831
1.60516e-06,-87.7937632
1.6052e-06,-81.0804342
1.60524e-06,-82.6191792
1.60528e-06,-83.0523067
1.60532e-06,-210.0
1.60536e-06,-210.0
1.6054e-06,-81.3697117
1.60544e-06,-92.5698308
1.60548e-06,-77.930863
1.60552e-06,-79.0257649
1.60556e-06,-79.1725313
1.6056e-06,-210.0
1.60564e-06,-79.1931552
1.60568e-06,-210.0
1.60572e-06,-82.0573106
1.60576e-06,-88.6080471
1.6058e-06,-86.2636085
1.60584e-06,-79.8078113
1.60588e-06,-78.3205813
1.60592e-06,-84.9663676
1.60596e-06,-78.1321201
1.606e-06,-210.0
1.60604e-06,-83.2072966
1.60608e-06,-78.2766649
1.60612e-06,-86.0088488
1.60616e-06,-210.0
1.6062e-06,-83.8168119
1.60624e-06,-92.2495206
1.60628e-06,-81.6630909
1.60632e-06,-210.0
1.60636e-06,-79.2400105
1.6064e-06,-210.0
1.60644e-06,-210.0
1.60648e-06,-94.0704283
1.60652e-06,-78.2925828
1.60656e-06,-210.0
1.6066e-06,-210.0
1.60664e-06,-77.4668582
1.60668e-06,-79.9591941
1.60672e-06,-210.0
1.60676e-06,-78.4510613
1.6068e-06,-81.2333844
1.60684e-06,-79.9405819
1.60688e-06,-210.0
1.60692e-06,-82.2482782
1.60696e-06,-210.0
1.607e-06,-210.0
1.60704e-06,-113.915361
1.60708e-06,-81.4821901
1.60712e-06,-210.0
1.60716e-06,-79.0783401
1.6072e-06,-210.0
1.60724e-06,-79.9442685
1.60728e-06,-80.5548138
1.60732e-06,-210.0
1.60736e-06,-83.3348442
1.6074e-06,-78.2705979
1.60744e-06,-210.0
1.60748e-06,-92.8703908
1.60752e-06,-210.0
1.60756e-06,-94.1255238
1.6076e-06,-87.4101424
1.60764e-06,-80.911982
1.60768e-06,-210.0
1.60772e-06,-82.6472397
1.60776e-06,-210.0
1.6078e-06,-81.6111787
1.60784e-06,-210.0
1.60788e-06,-79.3582513
1.60792e-06,-210.0
1.60796e-06,-89.054293
1.608e-06,-83.6336321
1.60804e-06,-80.9297001
1.60808e-06,-80.8067249
1.60812e-06,-210.0
1.60816e-06,-80.3150843
1.6082e-06,-81.2756739
1.60824e-06,-210.0
1.60828e-06,-78.4779627
1.60832e-06,-210.0
1.60836e-06,-78.5846613
1.6084e-06,-210.0
1.60844e-06,-210.0
1.60848e-06,-81.9095628
1.60852e-06,-210.0
1.60856e-06,-82.5496681
1.6086e-06,-210.0
1.60864e-06,-75.8365327
1.60868e-06,-210.0
1.60872e-06,-86.3961447
1.60876e-06,-79.6777788
1.6088e-06,-82.7076547
1.60884e-06,-76.0901312
1.60888e-06,-80.4629372
1.60892e-06,-77.4642782
1.60896e-06,-77.9982869
1.609e-06,-77.144342
1.60904e-06,-75.314448
1.60908e-06,-73.6618305
1.60912e-06,-70.8530917
1.60916e-06,-69.1890616
1.6092e-06,-67.1362982
1.60924e-06,-64.8126683
1.60928e-06,-62.4251652
1.60932e-06,-59.3633616
1.60936e-06,-55.5814548
1.6094e-06,-50.2351242
1.60944e-06,-46.9860892
1.60948e-06,-39.5974198
1.60952e-06,-27.9971831
1.60956e-06,-26.8536964
1.6096e-06,-29.2214605
1.60964e-06,-43.4374142
1.60968e-06,-52.1750425
1.60972e-06,-57.6945413
1.60976e-06,-63.6836197
1.6098e-06,-67.8431995
1.60984e-06,-80.4294549
1.60988e-06,-210.0
1.60992e-06,-78.6911069
1.60996e-06,-82.801525
1.61e-06,-78.8298922
1.61004e-06,-210.0
1.61008e-06,-84.8716515
1.61012e-06,-210.0
1.61016e-06,-210.0
1.6102e-06,-210.0
1.61024e-06,-77.5562846
1.61028e-06,-210.0
1.61032e-06,-99.9641155
1.61036e-06,-210.0
1.6104e-06,-210.0
1.61044e-06,-78.779685
1.61048e-06,-210.0
1.61052e-06,-77.6276512
1.61056e-06,-86.0967855
1.6106e-06,-81.2266256
1.61064e-06,-210.0
1.61068e-06,-79.0796396
1.61072e-06,-91.3259578
1.61076e-06,-83.6460279
1.6108e-06,-210.0
1.61084e-06,-94.4855946
1.61088e-06,-210.0
1.61092e-06,-79.1883426
1.61096e-06,-210.0
1.611e-06,-92.2867458
1.61104e-06,-210.0
1.61108e-06,-79.1506306
1.61112e-06,-210.0
1.61116e-06,-79.5065642
1.6112e-06,-210.0
1.61124e-06,-210.0
1.61128e-06,-78.7207179
1.61132e-06,-210.0
1.61136e-06,-78.8068999
1.6114e-06,-85.3230982
1.61144e-06,-210.0
1.61148e-06,-80.4507368
1.61152e-06,-210.0
1.61156e-06,-84.2014844
1.6116e-06,-210.0
1.61164e-06,-77.7967849
1.61168e-06,-86.1145795
1.61172e-06,-210.0
1.61176e-06,-85.1456386
1.6118e-06,-79.2956885
1.61184e-06,-81.1922862
1.61188e-06,-89.3973244
1.61192e-06,-83.8650999
1.61196e-06,-78.2959191
1.612e-06,-107.188025
1.61204e-06,-77.4570635
1.61208e-06,-210.0
1.61212e-06,-77.6214802
1.61216e-06,-113.832373
1.6122e-06,-210.0
1.61224e-06,-79.0101589
1.61228e-06,-210.0
1.61232e-06,-85.3632923
1.61236e-06,-210.0
1.6124e-06,-81.8013918
1.61244e-06,-210.0
1.61248e-06,-81.4504664
1.61252e-06,-210.0
1.61256e-06,-80.3027384
1.6126e-06,-210.0
1.61264e-06,-210.0
1.61268e-06,-86.1620803
1.61272e-06,-81.2096851
1.61276e-06,-210.0
1.6128e-06,-81.3569557
1.61284e-06,-79.083908
1.61288e-06,-84.1275224
1.61292e-06,-81.0518547
1.61296e-06,-210.0
1.613e-06,-210.0
1.61304e-06,-210.0
1.61308e-06,-75.7524962
1.61312e-06,-210.0
1.61316e-06,-210.0
1.6132e-06,-80.3883429
1.61324e-06,-80.9143287
1.61328e-06,-210.0
1.61332e-06,-210.0
1.61336e-06,-83.2024624
1.6134e-06,-77.9312308
1.61344e-06,-79.0245003
1.61348e-06,-210.0
1.61352e-06,-83.0095519
1.61356e-06,-83.8728743
1.6136e-06,-88.2011398
1.61364e-06,-210.0
1.61368e-06,-80.0749304
1.61372e-06,-85.0880504
1.61376e-06,-83.770527
1.6138e-06,-79.662465
1.61384e-06,-210.0
1.61388e-06,-210.0
1.61392e-06,-88.4247731
1.61396e-06,-210.0
1.614e-06,-77.4701023
1.61404e-06,-210.0
1.61408e-06,-90.7706033
1.61412e-06,-79.480091
1.61416e-06,-80.6295971
1.6142e-06,-210.0
1.61424e-06,-210.0
1.61428e-06,-79.886643
1.61432e-06,-210.0
1.61436e-06,-82.2868805
1.6144e-06,-210.0
1.61444e-06,-92.5216717
1.61448e-06,-81.5333125
1.61452e-06,-77.1646823
1.61456e-06,-78.6114432
1.6146e-06,-210.0
1.61464e-06,-210.0
1.61468e-06,-78.6077089
1.61472e-06,-81.0817113
1.61476e-06,-79.3004179
1.6148e-06,-210.0
1.61484e-06,-210.0
1.61488e-06,-77.1054353
1.61492e-06,-210.0
1.61496e-06,-92.8911612
1.615e-06,-210.0
1.61504e-06,-210.0
1.61508e-06,-84.5704108
1.61512e-06,-86.7602092
1.61516e-06,-210.0
1.6152e-06,-210.0
1.61524e-06,-210.0
1.61528e-06,-87.2620782
1.61532e-06,-84.4752129
1.61536e-06,-81.6865779
1.6154e-06,-81.6729238
1.61544e-06,-91.8611384
1.61548e-06,-88.9239359
1.61552e-06,-79.6225459
1.61556e-06,-81.4392351
1.6156e-06,-210.0
1.61564e-06,-210.0
1.61568e-06,-76.9216254
1.61572e-06,-80.4455965
1.61576e-06,-83.6046767
1.6158e-06,-210.0
1.61584e-06,-210.0
1.61588e-06,-76.2548635
1.61592e-06,-81.3679841
1.61596e-06,-83.1414037
1.616e-06,-87.9301264
1.61604e-06,-210.0
1.61608e-06,-82.6308593
1.61612e-06,-210.0
1.61616e-06,-210.0
1.6162e-06,-81.9651573
1.61624e-06,-210.0
1.61628e-06,-210.0
1.61632e-06,-76.8796834
1.61636e-06,-210.0
1.6164e-06,-210.0
1.61644e-06,-80.2860523
1.61648e-06,-210.0
1.61652e-06,-79.6594063
1.61656e-06,-85.5579485
1.6166e-06,-96.818103
1.61664e-06,-88.5467047
1.61668e-06,-87.0974482
1.61672e-06,-80.8914089
1.61676e-06,-82.9731665
1.6168e-06,-210.0
1.61684e-06,-79.9238345
1.61688e-06,-78.2346964
1.61692e-06,-94.758801
1.61696e-06,-76.0055768
1.617e-06,-210.0
1.61704e-06,-81.495051
1.61708e-06,-210.0
1.61712e-06,-78.7531898
1.61716e-06,-92.543374
1.6172e-06,-210.0
1.61724e-06,-77.5692358
1.61728e-06,-83.765842
1.61732e-06,-79.5865044
1.61736e-06,-210.0
1.6174e-06,-88.2991006
1.61744e-06,-210.0
1.61748e-06,-210.0
1.61752e-06,-81.9467563
1.61756e-06,-80.3652222
1.6176e-06,-210.0
1.61764e-06,-78.5731896
1.61768e-06,-83.5586797
1.61772e-06,-83.8084864
1.61776e-06,-210.0
1.6178e-06,-77.0956422
1.61784e-06,-84.7151858
1.61788e-06,-78.1052816
1.61792e-06,-84.9249814
1.61796e-06,-210.0
1.618e-06,-78.8079882
1.61804e-06,-77.5559074
1.61808e-06,-210.0
1.61812e-06,-89.0987347
1.61816e-06,-76.5758787
1.6182e-06,-87.0294314
1.61824e-06,-210.0
1.61828e-06,-210.0
1.61832e-06,-210.0
1.61836e-06,-210.0
1.6184e-06,-79.3459554
1.61844e-06,-79.5099339
1.61848e-06,-210.0
1.61852e-06,-88.0186942
1.61856e-06,-79.2331402
1.6186e-06,-89.8370466
1.61864e-06,-85.3094127
1.61868e-06,-86.4260418
1.61872e-06,-210.0
1.61876e-06,-80.3119774
1.6188e-06,-210.0
1.61884e-06,-75.170945
1.61888e-06,-81.8702456
1.61892e-06,-83.2760382
1.61896e-06,-78.7585189
1.619e-06,-85.9342977
1.61904e-06,-78.493582
1.61908e-06,-83.5227039
1.61912e-06,-78.3491047
1.61916e-06,-88.6740691
1.6192e-06,-210.0
1.61924e-06,-77.5247924
1.61928e-06,-81.8590204
1.61932e-06,-77.6734985
1.61936e-06,-89.4956058
1.6194e-06,-210.0
1.61944e-06,-80.5696682
1.61948e-06,-210.0
1.61952e-06,-210.0
1.61956e-06,-82.0695769
1.6196e-06,-210.0
1.61964e-06,-77.1126101
1.61968e-06,-83.0353125
1.61972e-06,-210.0
1.61976e-06,-210.0
1.6198e-06,-79.6046369
1.61984e-06,-88.7778222
1.61988e-06,-210.0
1.61992e-06,-78.4246477
1.61996e-06,-210.0
1.62e-06,-80.149657
1.62004e-06,-210.0
1.62008e-06,-87.8040094
1.62012e-06,-102.122575
1.62016e-06,-77.0351709
1.6202e-06,-89.5916151
1.62024e-06,-79.9880304
1.62028e-06,-84.0274815
1.62032e-06,-75.3828737
1.62036e-06,-210.0
1.6204e-06,-78.8431816
1.62044e-06,-210.0
1.62048e-06,-79.0088468
1.62052e-06,-81.7662009
1.62056e-06,-210.0
1.6206e-06,-77.1706811
1.62064e-06,-80.3457098
1.62068e-06,-210.0
1.62072e-06,-78.088882
1.62076e-06,-80.631095
1.6208e-06,-210.0
1.62084e-06,-210.0
1.62088e-06,-210.0
1.62092e-06,-81.4987034
1.62096e-06,-80.0792824
1.621e-06,-78.1828246
1.62104e-06,-210.0
1.62108e-06,-210.0
1.62112e-06,-210.0
1.62116e-06,-83.472681
1.6212e-06,-82.597888
1.62124e-06,-78.3325773
1.62128e-06,-210.0
1.62132e-06,-77.3954343
1.62136e-06,-210.0
1.6214e-06,-210.0
1.62144e-06,-210.0
1.62148e-06,-75.1018007
1.62152e-06,-83.3878176
1.62156e-06,-85.8536805
1.6216e-06,-210.0
1.62164e-06,-81.0364335
1.62168e-06,-210.0
1.62172e-06,-98.7642209
1.62176e-06,-84.0705492
1.6218e-06,-83.3611576
1.62184e-06,-79.9381964
1.62188e-06,-91.0411981
1.62192e-06,-84.3175388
1.62196e-06,-84.7054048
1.622e-06,-210.0
1.62204e-06,-81.9073553
1.62208e-06,-87.2593837
1.62212e-06,-210.0
1.62216e-06,-78.7988259
1.6222e-06,-78.8689826
1.62224e-06,-85.4811445
1.62228e-06,-210.0
1.62232e-06,-82.8588409
1.62236e-06,-210.0
1.6224e-06,-210.0
1.62244e-06,-80.2920467
1.62248e-06,-79.2475055
1.62252e-06,-81.0144585
1.62256e-06,-95.3453051
1.6226e-06,-81.3420423
1.62264e-06,-80.4017041
1.62268e-06,-88.0322256
1.62272e-06,-83.4714217
1.62276e-06,-80.6035881
1.6228e-06,-210.0
1.62284e-06,-79.4852272
1.62288e-06,-85.8899911
1.62292e-06,-80.1857055
1.62296e-06,-84.9541547
1.623e-06,-210.0
1.62304e-06,-81.3235651
1.62308e-06,-210.0
1.62312e-06,-79.9009575
1.62316e-06,-95.252924
1.6232e-06,-83.5971436
1.62324e-06,-79.377835
1.62328e-06,-210.0
1.62332e-06,-81.7952573
1.62336e-06,-81.1174222
1.6234e-06,-77.9293224
1.62344e-06,-210.0
1.62348e-06,-79.510751
1.62352e-06,-81.0270209
1.62356e-06,-81.2294358
1.6236e-06,-82.3125444
1.62364e-06,-210.0
1.62368e-06,-77.7002435
1.62372e-06,-210.0
1.62376e-06,-210.0
1.6238e-06,-79.8889363
1.62384e-06,-80.6645393
1.62388e-06,-84.523832
1.62392e-06,-210.0
1.62396e-06,-81.5317194
1.624e-06,-76.6012244
1.62404e-06,-210.0
1.62408e-06,-210.0
1.62412e-06,-79.4340141
1.62416e-06,-88.1719982
1.6242e-06,-79.4798283
1.62424e-06,-210.0
1.62428e-06,-76.155727
1.62432e-06,-210.0
1.62436e-06,-210.0
1.6244e-06,-81.4691941
1.62444e-06,-210.0
1.62448e-06,-79.9042886
1.62452e-06,-210.0
1.62456e-06,-83.8943378
1.6246e-06,-77.8711709
1.62464e-06,-81.0732511
1.62468e-06,-210.0
1.62472e-06,-83.4071801
1.62476e-06,-83.4626051
1.6248e-06,-83.5552278
1.62484e-06,-80.7353034
1.62488e-06,-81.4134907
1.62492e-06,-210.0
1.62496e-06,-79.4162953
1.625e-06,-87.3309686
1.62504e-06,-82.1985616
1.62508e-06,-210.0
1.62512e-06,-210.0
1.62516e-06,-210.0
1.6252e-06,-78.8561646
1.62524e-06,-210.0
1.62528e-06,-76.7717694
1.62532e-06,-87.6301104
1.62536e-06,-210.0
1.6254e-06,-210.0
1.62544e-06,-80.2985516
1.62548e-06,-210.0
1.62552e-06,-83.5088209
1.62556e-06,-79.0142836
1.6256e-06,-78.0234686
1.62564e-06,-85.2345469
1.62568e-06,-81.8352398
1.62572e-06,-210.0
1.62576e-06,-210.0
1.6258e-06,-85.0712495
1.62584e-06,-210.0
1.62588e-06,-82.9678423
1.62592e-06,-79.1192709
1.62596e-06,-77.5758597
1.626e-06,-83.6664915
1.62604e-06,-210.0
1.62608e-06,-210.0
1.62612e-06,-83.0596486
1.62616e-06,-80.7530813
1.6262e-06,-79.6813076
1.62624e-06,-210.0
1.62628e-06,-210.0
1.62632e-06,-83.5873826
1.62636e-06,-210.0
1.6264e-06,-210.0
1.62644e-06,-78.178207
1.62648e-06,-80.3398789
1.62652e-06,-82.1732793
1.62656e-06,-210.0
1.6266e-06,-80.803843
1.62664e-06,-210.0
1.62668e-06,-82.3055438
1.62672e-06,-210.0
1.62676e-06,-79.625557
1.6268e-06,-210.0
1.62684e-06,-79.633556
1.62688e-06,-82.1452547
1.62692e-06,-210.0
1.62696e-06,-78.4805872
1.627e-06,-90.8258867
1.62704e-06,-83.0514925
1.62708e-06,-78.8479972
1.62712e-06,-86.3155038
1.62716e-06,-210.0
1.6272e-06,-78.6093383
1.62724e-06,-81.6255045
1.62728e-06,-81.8242494
1.62732e-06,-78.8382424
1.62736e-06,-85.8295082
1.6274e-06,-86.8412859
1.62744e-06,-210.0
1.62748e-06,-210.0
1.62752e-06,-84.1305169
1.62756e-06,-78.3989514
1.6276e-06,-78.4458543
1.62764e-06,-210.0
1.62768e-06,-210.0
1.62772e-06,-210.0
1.62776e-06,-77.3500485
1.6278e-06,-210.0
1.62784e-06,-210.0
1.62788e-06,-76.5328895
1.62792e-06,-81.2816199
1.62796e-06,-79.9412366
1.628e-06,-210.0
1.62804e-06,-77.525983
1.62808e-06,-210.0
1.62812e-06,-78.3389437
1.62816e-06,-210.0
1.6282e-06,-75.6507196
1.62824e-06,-83.5241085
1.62828e-06,-84.244342
1.62832e-06,-83.0797637
1.62836e-06,-83.3018485
1.6284e-06,-80.983084
1.62844e-06,-210.0
1.62848e-06,-82.7722761
1.62852e-06,-210.0
1.62856e-06,-74.3409073
1.6286e-06,-210.0
1.62864e-06,-85.9373098
1.62868e-06,-210.0
1.62872e-06,-79.1100141
1.62876e-06,-89.4319275
1.6288e-06,-210.0
1.62884e-06,-210.0
1.62888e-06,-77.0698211
1.62892e-06,-87.2674496
1.62896e-06,-210.0
1.629e-06,-85.5377836
1.62904e-06,-210.0
1.62908e-06,-77.6603581
1.62912e-06,-210.0
1.62916e-06,-93.638359
1.6292e-06,-77.7348073
1.62924e-06,-78.2876659
1.62928e-06,-210.0
1.62932e-06,-210.0
1.62936e-06,-82.8710565
1.6294e-06,-83.5181319
1.62944e-06,-81.9366205
1.62948e-06,-78.7672938
1.62952e-06,-89.9585766
1.62956e-06,-210.0
1.6296e-06,-86.9447087
1.62964e-06,-83.3463153
1.62968e-06,-78.8938022
1.62972e-06,-78.8933818
1.62976e-06,-77.6163887
1.6298e-06,-78.5032336
1.62984e-06,-210.0
1.62988e-06,-80.2768405
1.62992e-06,-210.0
1.62996e-06,-79.6960209
1.63e-06,-210.0
